Gene	Day0_1	Day0_2	Pre-treat_1	Pre-treat_2	Pre-treat_3	Pre-treat_4	Doxy_1	Doxy_2	Doxy_3	Doxy_4	Nodrug_1	Nodrug_2	Nodrug_3	INH_1	INH_2	INH_3	INH_4	RIF_1	RIF_2	RIF_3	RIF_4	PZA_1	PZA_2	HRZE_1	HRZE_2	HRZE_3	HRZE_4
H37RV_BC02	154	190	163	147	237	101	115	577	263	382	344	418	526	138	161	239	96	248	177	92	206	181	131	127	206	93	89
H37RV_BC04	21041	43652	16610	18279	19775	12379	52641	109082	28999	56822	41693	47581	55250	17134	10584	15125	11683	15367	14419	11835	15129	24209	25968	13246	18217	15314	11800
Rv0002.DnaN	17174	1286	15781	17533	15602	14794	6332	7496	6635	11455	1398	1382	6161	5334	11298	4993	4952	10541	8007	6404	7572	9645	3001	2790	4452	4148	4974
Rv0005.GyrB	6	8			3	3	30	12	4	4	7	4	9	3	3	2		2		1	12	1					20
Rv0006.GyrA	5102	57	16813	18151	17487	14588	74	67	143	109	1083	1335	4534	859	11623	1410	728	11550	9776	8451	7766	268	7	3219	4639	4353	4778
Rv0013.trpG	13548	510	13197	17268	15609	17507	11343	10222	19686	24937	8857	8729	8236	9644	14426	12534	10046	14478	12760	16102	17722	32311	36940	11453	23076	13668	16504
Rv0015c.pknA	484	81		4				2				1						2	2								1
Rv0018c.P38-pstP	5		5	1		6				3			2	3	9	1	1	5	2	7				2	10	10	4
Rv0020c.TB39.8	32929	2787	18741	13364	22335	11373	8943	17615	11491	15755	2635	1715	8131	7255	6369	13426	8533	6403	4541	3329	4549	14871	2	6412	8696	15773	8992
Rv0023.Rv0023	533	41	948	825	941	453	246	332	517	469	828	304	474	380	987	533	371	498	879	462	1628	167	166	611	55	456	215
Rv0041.leuS	12099	700	17473	16234	13464	16452	11810	10774	17561	17507	9299	8669	8191	10543	10961	10226	9297	13457	12443	14435	17239	29686	13547	22417	24826	19780	15648
Rv0046c.ino1	2834	13058	3038	2023	1475	2097	11538	7874	10411	15963	14923	15168	15563	11398	7019	12633	9805	13798	20487	15378	21101	1303	121	1278	4998	3181	2675
Rv0060.Rv0060	462	1633	164	259	138	435	3697	3103	2296	2773	4799	8164	6370	5254	5533	6412	3529	11582	9847	8654	11736	3601	3602	20	10	12	276
Rv0066c.icd2	1282	134	1540	2225	1471	2390	151	121	470	468	2847	3019	1877	2996	2597	2961	1193	5953	7545	5559	5925	2016	407	361	609	555	1485
Rv0112.gca	11192	316	13819	15761	14526	17972	4783	3608	10346	9628	6089	6253	5399	9366	12295	9649	6208	13607	11706	10699	13980	22624	22137	10295	15058	12264	10373
Rv0118c.oxcA	6327	219	7333	9334	7341	8197	2979	2639	6012	7267	4476	4136	3361	5349	5004	6171	4162	7746	6389	5824	8848	18029	6683	6827	8998	8239	6174
Rv0119.fadD7	6014	283	8695	12883	11368	10023	2233	1721	6742	5518	4086	4301	3387	7071	5953	6709	3795	9607	8346	7863	9258	13092	11771	7031	14968	8787	7423
Rv0123.Rv0123	48	8	129	105	142	123	81	39	53	80	707	1810	1002	918	1490	766	538	3998	4446	2767	2477	61	26	3	21	28	85
Rv0127.mak	10860	13374	7590	9131	8529	9249	1174	389	453	1409	2707	538	138	1816	2324	941	3059	1421	912	1220	1351	475	4049	358	711	557	780
Rv0164.TB18.5	2	1		1		2	1	3		1		3							1				1				2
Rv0198c.zmp1	9703	157	9277	12629	15361	13409	3150	2858	9270	14394	5617	6035	5593	8655	9136	8664	6667	11408	10144	9872	10489	21740	8204	8926	13480	12723	10689
Rv0204c.Rv0204c	4	4	1	4	4	1	18	11	4	4	13	4	2	7	2	2	7	3	3	3	2	6	1		2	4	20
Rv0206c.mmpL3	8	8	9	9	3	27	7	35	12	7	5	7	7	2	8	3	3	8	10			8	1		1	2	9
Rv0224c.Rv0224c	17915	5013	15941	19017	15546	14922	6922	12088	10216	11635	2279	1846	5961	6263	7830	8259	6572	7530	7448	5374	6407	8630	9925	5577	6010	10387	5404
Rv0225.Rv0225	3206	214	4562	4758	4837	4672	1746	1824	3912	3126	2733	2352	2089	3325	1760	2945	2078	4325	4703	3405	4862	8894	7187	1972	4906	3596	2359
Rv0226c.Rv0226c	5738	188	6455	6788	7512	9140	1835	2025	6543	5799	3441	3488	2988	3328	4877	5192	3143	5156	5727	7207	8013	8101	14187	5007	8168	6099	4392
Rv0228.Rv0228	8459	233	6735	11289	9710	9911	2795	3826	7120	9817	5126	5374	4013	6112	8107	6778	5141	10219	7988	7249	9261	16412	17505	6907	8665	7961	7464
Rv0236c.aftD	6455	369	6185	6842	6037	6451	2111	987	4652	4069	2333	2633	2370	5378	5258	5285	4030	5823	5545	5147	4774	12563	9390	5070	5536	5892	7336
Rv0248c.Rv0248c	2132	722	6258	6282	9630	4963	2409	3893	2818	3110	3584	3655	2389	1959	1171	2607	1664	3422	2856	3119	4542	486		1999	4347	4604	2741
Rv0260c.Rv0260c	7618	2165	10794	12622	11894	14609	3878	8501	10641	13102	6739	6877	5877	5514	7562	5482	5640	9888	8605	9310	10563	16371	7063	8285	13574	8498	9289
Rv0282.Rv0282	100	6	201	207	338	299	66	54	40	32	1229	3217	1054	224	247	55	61	2845	1968	2257	1241	946	1028	1		1	32
Rv0283.Rv0283	3426	143	5821	6961	7310	6441	1436	676	3065	2369	1713	1736	1784	3613	3489	3795	2828	4363	5236	4573	5184	5298	1422	4400	7827	4989	6611
Rv0285.PE5	8669	1119	12718	13385	14323	15473	4061	3939	7733	10299	5549	7144	6059	8531	11260	8503	9412	12956	14159	13446	13727	18293	8575	10360	22097	11808	12631
Rv0286.PPE4	2219	123	10587	10172	7791	10847	2311	2160	4094	4896	4828	2141	1545	2124	3293	2556	2960	4427	5469	5245	4584	41638	9367	4040	5650	4074	4063
Rv0289.Rv0289	6538	219	8249	9933	7740	8608	3698	5946	8016	8747	7946	7734	5876	5109	4394	5370	3839	7838	6846	7976	11412	24117	27782	6405	11880	6523	7263
Rv0291.mycP3	8674	380	11006	13845	12330	12423	4559	4913	8405	12518	5103	5705	5725	7676	9722	7792	6648	11758	10159	11226	14131	18653	10290	12654	18830	12154	9862
Rv0292.Rv0292	4882	55	8593	9711	10838	10163	2126	2038	5818	6439	5058	2685	3303	5220	5686	6608	3395	7055	7735	6341	7818	18364	26673	2871	7613	6318	4505
Rv0327c.cyp135A1	6954	474	8016	10027	10572	10188	2117	2518	7725	6847	3304	4443	3508	5638	8906	8796	5234	9411	9724	7209	7129	10442	22750	8030	9659	8511	10544
Rv0338c.Rv0338c	1			2		1	6	3	1	1						1				1	1					1	2
Rv0347.Rv0347	7053	331	6146	9585	8792	9316	3547	2536	7645	6769	3982	3707	4055	7403	7055	6185	5924	8320	8749	8113	12197	16172	26180	7920	9232	8087	10709
Rv0350.dnaK	10		44	100	17	64		5		2	9	15	9	25	316	23	15	236	333	144	184			17	37	15	95
Rv0351.grpE	1	1			2	7	3	8	214	1	12	41	39	513	8	6	2	152	106	80	45	1					13
Rv0364.Rv0364	7553	205	9102	8995	9469	10692	4444	6573	11000	14299	8420	11770	10757	9920	10286	10152	6865	16967	18776	17267	19983	19475	20098	6734	11168	8566	8580
Rv0373c.Rv0373c	6789	553	9512	12373	11497	15250	2077	2066	8226	6569	3758	4832	4290	7630	8714	9389	7576	12064	11345	10424	11502	19419	9502	8432	12117	10243	9752
Rv0404.fadD30	2	15	242	260	555	234	9	10	20	424	29	130	157	30	265	123		186	229	114	168	2		640	813	63	11
Rv0410c.PknG			52	1	26	1	3	4		7	5	1	11						16	2				7		20	4
Rv0412c.Rv0412c			6	15		3	12		5	9	38	41	1	4			25		4	3				11		71	89
Rv0414c.thiE	285	10	403	563	274	553	121	111	147	198	5818	6449	5684	4124	2746	3082	1345	12781	12301	12805	15599	576	2003	13	27	19	247
Rv0415.thiO	2205	357	2145	3229	2142	3525	1076	411	1144	1340	3857	5983	4164	6332	7055	6686	4341	10172	12111	9529	12679	7726	3065	362	430	698	3872
Rv0417.thiG	402	63	70	73	52	103	46	30	27	31	274	576	699	1006	2700	451	447	8085	9042	4418	5159	52	14		4	5	70
Rv0422c.thiD	63	15	34	70	56	71	50	61	93	50	2237	5161	4170	1166	1118	396	429	11528	13207	12109	9737	128	78	2	5	1	52
Rv0423c.thiC		1	2	1	1		2	3	2		1		1					2			1	1					3
Rv0429c.def	637	14	234	295	189	195	335	330	393	519	3529	3787	2723	2774	2167	1576	1598	5341	5810	5979	7382	101	1061	36	41	92	230
Rv0431.Rv0431	6340	357	9036	11774	7743	9365	3088	1602	6153	7723	3620	4078	4487	6702	8012	6057	4120	10472	8100	10104	11137	15206	17613	6073	17363	5525	8499
Rv0455c.Rv0455c	8429	258	11397	11573	11665	17285	3228	2971	7771	10898	4794	5677	6292	8164	8421	11895	5730	12070	11045	11249	12529	30703	7841	8360	10784	10528	9049
Rv0472c.Rv0472c	23		4	1		1		5							16						1						4
Rv0479c.Rv0479c	8507	248	9301	12603	12405	10579	3123	2141	8999	8402	4022	4390	5003	6312	6082	4806	5793	10973	6879	10235	11321	9003	13635	9567	11339	6004	14651
Rv0489.gpm1	3144	40	2947	3014	3277	2549	823	967	2120	3092	1545	1466	1150	1968	2362	895	580	4497	5748	4784	4339	3559	494	1878	1621	1917	1739
Rv0504c.Rv0504c	4817	254	8281	10352	8156	10845	884	313	3359	4227	2000	1821	1886	5062	8261	5909	4287	4383	4069	2890	4269	5482	8003	1940	5615	3371	7161
Rv0507.mmpL2	9717	2009	14414	16059	13637	12887	7015	15648	11862	13454	6991	5889	8238	8575	9670	5161	5085	9618	14587	11166	12942	17037	14051	11301	19881	15426	11691
Rv0509.hemA	1		2			1		7	2	5	1	3		4	2			1				2				2	
Rv0512.hemB	135	23	115	144	134	119	144	179	253	344	2868	3013	3543	1773	808	553	522	7390	5872	5549	6187	542	113	4	8	4	107
Rv0524.hemL	3530	910	8082	6662	6230	8826	1733	1523	4816	4450	6682	6827	5345	10121	13147	8656	9026	10327	11973	9225	9917	10130	1712	1878	3298	2489	5463
Rv0525.Rv0525	2935	41	5511	4779	5554	4860	1606	952	3927	3893	1498	1877	1678	238	518	329	53	3950	4985	3190	3581	4389	2898	1266	3820	3035	2583
Rv0526.Rv0526	7131	213	6957	10481	8135	12022	2827	1998	6642	6597	5436	3736	4265	5932	8566	6100	4405	5982	6667	5599	6553	6199	5714	6484	6312	8938	4972
Rv0528.Rv0528	1164	106	1374	1436	1670	1784	2662	4190	3120	3006	5601	4641	2732	2987	2516	3011	1905	5435	5080	5339	6018	20090	21691	311	1008	634	692
Rv0534c.menA	5378	142	7754	7510	10199	10109	2402	1675	6204	4923	3301	3070	3040	3060	3254	3181	2227	5663	5575	4450	5817	11279	21746	4838	9850	7052	5831
Rv0542c.menE	1	5		4	1	10	6	9	1		2	3			2	1			1						1	3	7
Rv0548c.menB	613689	426946	701319	675010	785274	573639	219203	297161	358404	450218	116230	25711	296070	516396	771269	616934	665442	354965	281818	229543	231403	51092	30544	268947	300175	348904	386248
Rv0553.menC	7002	460	1220	1890	1465	1887	771	598	874	1370	2003	2436	5618	6464	9117	6277	5288	12221	10174	6980	6963	4129	1459	55	54	157	1041
Rv0555.menD	10774	349	15599	15103	17259	15225	5492	4866	12307	13065	6629	6289	6165	7750	12588	7111	7771	12332	14620	13071	15746	17749	25788	11904	10013	15905	10972
Rv0558.menH	5778	148	8900	11571	12635	10124	5560	2901	8533	8204	4176	3597	3309	3826	5586	4765	3731	8483	6251	6410	9115	15581	8426	7350	11310	8499	7025
Rv0636.hadB	6824	148	10772	10870	12040	13404	6866	10165	13878	14680	6923	8233	7412	6137	6093	6359	5464	10604	10540	9988	11951	23659	20065	10144	13981	12528	9269
Rv0640.rplK	11495	482	17310	17476	21011	19646	7095	6443	15278	16620	8617	9209	9224	9750	12010	12460	8815	20287	20061	15566	19993	33583	35736	12216	24637	14896	13331
Rv0647c.Rv0647c	2						3								1	1	2	22		1	21	1					
Rv0684.fusA1	7519	512	9600	13674	10809	13516	2854	2831	8129	9355	4797	4341	4684	7782	9450	11886	9229	7659	10697	6234	9433	20458	10120	6788	9309	6968	8506
Rv0697.Rv0697	5446	313	7192	10612	7706	8581	3005	2697	6893	7946	4146	4780	4434	4898	4636	5768	4995	6482	11231	7055	9710	14289	4346	6920	7528	11154	8524
Rv0701.rplC	140	12	367	445	344	473	298	154	598	782	2404	5001	2185	1630	1654	1108	1255	4892	5862	4463	5142	2750	3531	38	142	95	317
Rv0702.rplD	937	6	2809	3922	3345	4463	389	468	1222	1205	3945	3420	3096	1612	2025	1179	1303	5400	5679	5112	7607	12847	9692	675	1886	851	1216
Rv0703.rplW	1248	5	3539	3765	4016	3754	480	168	1804	1456	1018	1254	885	1844	1739	1133	1492	2626	3008	2742	3280	5906	3	2185	5206	2719	4013
Rv0706.rplV	4352	223	7385	8069	7089	9958	8501	9418	13041	13961	13314	12332	9740	7641	8287	7923	7136	13730	13898	14831	17561	33032	51783	2925	7732	6145	5956
Rv0707.rpsC	3969	91	7757	8586	6340	8487	556	334	1874	1997	2381	2947	2997	6112	8094	4923	6030	13303	13365	13244	12015	7198	2277	4333	4630	3535	7771
Rv0708.rplP	87		290	449	130	407	42	21	291	237	133	255	135	861	2216	1152	734	2432	3370	2214	2950	987	342	78	111	166	471
Rv0709.rpmC	1			1			1	9	2	1	3	5	1		3		3	3		1	1						4
Rv0716.rplE	27	1	77	38	68	39	90	145	66	138	1052	616	566	73	15	26	33	134	112	126	191	476	1074	6	8	2	26
Rv0732.secY	242	11	52	136	32	88	25	80	141	112	964	1417	1320	2688	3597	1399	1801	5875	5946	3909	4257	55	90	32	87	50	628
Rv0733.adk	3	4	1	5			32	41	22	20	56	295	194	139	21	58	38	323	315	330	242	2	5		1		5
Rv0780.purC	2	12	12	12	15	21	20	22	7	8	3	3	1	2	2	2	1	4	3		3		1		1		9
Rv0787A.Rv0787A	3194	571	4391	5537	8204	6243	2392	2529	5268	3740	1332	2769	2405	3872	1929	3658	2903	4712	3356	5600	4927	7681	10540	4139	3795	3200	3342
Rv0788.PurQ		1	1	3	5	2		11		1	1	1		3	2	2			2		1						12
Rv0803.purL	1	3	7	1	1	2		7	1		1	1	1	1	2					1	1					1	15
Rv0808.purF		2	3	3	4	1	5	1	3		1	2	1	1											1		1
Rv0809.purM	1		6	9	8	5	60	20	7	5	19	18	10	2	3	4		8	3	5	12	5	1	2	2	1	59
Rv0811c.Rv0811	8008	415	9799	10102	11395	9928	2054	1260	4236	4448	6925	4417	5082	6212	5559	6576	3122	8775	6401	8934	10351	20965	7907	2566	8801	5758	4778
Rv0817c.Rv0817c	19011	1535	3914	5401	5879	3392	636	724	920	1498	304	254	1967	3239	6668	3256	3683	2525	2309	1335	1448	1617	19	2887	3922	2950	1885
Rv0824c.desA1	20968	535	27202	28553	26095	31442	20170	21892	28464	25663	20334	15435	13114	17263	23472	17857	17718	29196	26796	25185	27166	76929	42480	25707	39848	22296	31459
Rv0884c.serC	1	2					3	6			4		2		2						4	1					4
Rv0902c.prrB	867	34	247	454	272	346	1632	2836	2756	2844	5686	5185	3410	3981	4318	3424	3810	7402	7551	9712	8150	2672	5412	29	70	31	714
Rv0913c.Rv0913c	7063	442	9489	8787	9740	9734	2826	2980	5322	8471	4790	4160	5110	8318	8292	6277	4096	6858	8262	7600	9087	11194	15745	8037	15661	9545	7208
Rv0938.ligD	4821	269	7703	7832	7025	7716	2139	2350	4405	5830	2582	3513	4188	5633	6502	5503	4418	6836	7774	7957	8318	12226	6432	7214	7087	9111	7928
Rv0949.UvrD1	10986	779	9314	10583	10998	10639	3617	9752	5799	6280	2528	2087	5512	4178	8246	3953	2535	10367	7025	6253	7391	6539	2719	1520	2248	2358	1969
Rv0951.sucC	110	240	55	41	160	50	210	787	317	93	2518	4504	1950	1040	253	477	634	3885	2843	3685	2598	681	18	23	39	34	57
Rv0973c.accA2	8446	283	7779	7810	9219	7331	3301	5952	5677	6429	4758	4659	3333	4216	4494	4373	3664	6951	7026	7237	7154	7066	11857	5737	12444	8327	6763
Rv0974c.accD2	1032	51	1241	1333	1688	2021	174	181	411	462	304	287	425	545	767	858	739	330	350	414	356	1441	535	408	2483	1775	920
Rv0982.mprB	4058	216	2590	3375	4201	3248	2338	4372	2873	2673	5069	4804	5672	2850	2165	1391	1651	5492	5085	4284	3429	2727	2136	1524	3297	1618	1330
Rv1005c.pabB		2	1	2	3	2	4	2		1		1	2								2						10
Rv1007c.metS	91	13	12	21	49	3	5							63	269		34	28	22	37	31					22	52
Rv1015c.rplY	280	7	822	691	347	807	164	167	528	471	174	406	227	1707	2436	2116	778	1642	1706	1146	1262	1196	18	385	1288	580	1144
Rv1018c.glmU	4794	190	6049	8433	8002	7856	1862	1456	4611	6901	3640	2892	4301	5411	6772	5061	4710	6714	6032	6787	4742	12074	3037	8077	6856	7848	5336
Rv1044.Rv1044	1541	19	3411	3023	3361	3827	273	245	596	811	534	1410	786	1323	2517	1400	780	3673	3349	3568	3168	721	299	2191	3079	996	2153
Rv1076.lipU	9306	223	11276	14076	14457	13076	4280	2471	7983	7114	4827	3619	4104	9293	9384	9460	6746	11379	10092	10363	11273	17233	8253	9972	19035	13552	10313
Rv1078.pra	9390	1790	11662	11711	8882	10056	8188	3895	9188	9654	4330	3989	3896	13081	14780	14406	13967	6787	6113	6061	7394	19771	5071	11463	21921	11532	17483
Rv1094.desA2	3238	297	4822	5732	4418	3751	6318	5477	5405	5123	2681	2215	2350	2474	2742	1533	1787	6247	6855	5763	7212	11441	640	2341	3551	3064	3425
Rv1111c.Rv1111c	680	8	213	472	664	421	356	1017	105	405	296	219	368	251	328	113	109	427	385	367	220	224		169	230	205	377
Rv1122.gnd2	786	20	37	34	217	56	20	51	66	33	20	64	7	39	110	158	43	89	23	54	66	39		20	54	47	104
Rv1133c.metE	10	11	6	10	6	9	33	30	5	10	6	6	4	2	5	3		3	2		8	12			3	13	36
Rv1187.rocA	2	1	2	1	2	4	1	10	2		3	1	4	13			2	2	5	2	6	4	2		2	3	8
Rv1202.dapE	12844	1157	988	1164	1239	1291	5450	12755	5441	11954	9338	5713	16217	15707	20448	16435	14486	27473	22942	18795	21074	25582	35181	77	112	202	1757
Rv1208.gpgS	275	62	2335	2530	1778	2874	433	714	466	420	1631	2321	1812	2488	1907	1168	1293	8263	6595	6677	5843	980	440	529	1245	736	1053
Rv1240.P38-mdh	7		7	8	5	18	3	2	11	10	5	16	13	21	40	17	25	30	32	23	45	22	14	3		2	9
Rv1254.Rv1254	5826	351	9570	11114	10436	12061	2845	3549	8594	10046	5349	5496	4563	7473	8777	7599	5457	8564	9648	8204	11107	14732	5042	7343	12242	8684	8265
Rv1296.thrB	529	3	1885	1758	2587	1593	690	89	301	823	933	719	400	423	491	240	267	628	706	1058	825	736	5587	1944	233	1018	930
Rv1299.prfA	12		19	25	45	31	57	79	32	32	416	781	471	165	48	34	34	620	567	935	706	206	33	1	8	2	21
Rv1300.hemK	37653	6664	32924	38707	36936	28258	18497	32745	27554	26134	5220	4037	15579	10194	14146	8769	10339	13307	12022	8589	10395	23053	21299	8205	17037	16484	9298
Rv1301.Rv1301			10		2										4			4	31	6	55				5		
Rv1304.atpB	248419	597596	112901	120915	145096	95140	488753	1120234	339696	297107	123874	76545	235638	84992	67667	102122	99741	48612	45401	30185	51674	157452	70502	42594	53003	66886	37303
Rv1306.atpF	30	8	32	55	24	46	77	102	197	218	920	1979	1646	1440	1095	778	473	5744	5713	6829	5868	329	299	2	10	3	31
Rv1307.atpH	4667	120	6457	6415	6317	7382	1088	1322	3583	3875	4342	3798	3778	4300	7238	1977	3569	8927	7117	7969	8097	7143	5305	4010	10891	4018	3937
Rv1308.atpA	6979	316	13608	19485	15104	17767	3316	2589	8887	10950	7005	6424	8456	9235	9589	7703	6663	13795	13466	13107	20535	25744	13081	11947	27061	17687	13881
Rv1309.atpG	5007	661	7925	8633	5011	9576	1799	3240	5103	7620	3646	3215	4679	6319	6485	4237	5765	9072	11740	6666	10437	11340	6657	5337	9679	5601	7017
Rv1315.murA	234	1	36	39	35	31	25	17	52	83	512	1370	1136	1061	464	674	369	7204	5398	5734	6492	225	267		2		16
Rv1326c.glgB	481	54	273	329	173	340	151	155	276	204	1580	1823	1699	3992	4906	2186	2654	6119	6337	4485	4150	91	325	98	212	111	701
Rv1339.Rv1339	142	2	3	15	9	12		1	1	2		6	3	9	113	17	17	15	31	15	15						4
Rv1342c.Rv1342c	2442	32	2418	4216	5536	3500	880	1120	3094	2429	2695	1216	2110	1547	1039	1001	1434	2734	2477	3341	2289	5748	3794	1140	2538	2471	2240
Rv1343c.lprD	10197	329	8707	11351	13409	11213	3080	3495	5924	8202	6006	5073	3973	5039	5985	4799	3590	8955	8521	8165	7035	14452	14255	3927	11208	7448	6910
Rv1348.Rv1348	5770	244	1789	2460	1370	2048	2211	2307	8220	8425	4006	4304	3951	7654	9782	6127	6749	11067	10163	8232	11183	9110	2719	2608	4073	4172	6769
Rv1384.carB			1			2	18	3	1	2		3	1								3	1			2		1
Rv1406.fmt	1023	24	904	820	1014	1234	131	135	400	238	1071	1290	944	1215	1772	1727	1123	3422	3528	3523	2871	623	170	416	486	417	1119
Rv1420.uvrC	1091	23	1695	2057	1258	2137	42	29	210	176	230	223	295	1883	3601	3182	2064	1433	1713	1862	2034	939	478	703	1955	1467	2065
Rv1437.pgk	7525	5271	2900	3581	4558	2933	87	296	173	311	491	382	1555	1492	2780	1572	1615	6761	4936	3190	4114	1523	4181	27	46	44	577
Rv1438.Ptb21-tpi						6									1			1	1		1						
Rv1449c.tkt	43	4	28	38	27	25	29	23	71	24	370	1128	616	524	273	232	146	2280	2225	2058	1801	220	19	1		1	47
Rv1456c.Rv1456c	2	4	4	6	1	2	22	14	2	1	7	10	5	26	3	2	2	3	9	5	5	5	2	1	6	8	6
Rv1457c.Rv1457c	1544	664	2525	2383	10866	4663	2067	3875	2499	1114	1841	2275	1424	172	293	630	267	118	52	143	83	2361	8780	287	454	1024	298
Rv1459c.Rv1459c	27009	1975	22874	22416	30648	20492	8536	16249	12168	12602	3691	2467	9838	8411	11614	8292	7668	10892	11098	6678	7433	18153	11647	4222	6424	8680	8401
Rv1462.Rv1462	107	25	101	108	106	173	462	465	235	158	3111	5526	2751	1106	1243	434	344	4530	2863	4750	3170	488	173	4	3	4	31
Rv1463.Rv1463		4		1	6	6	27	17	6	11	74	408	153	83	31	2	1	412	206	585	156		1		1	1	9
Rv1464.csd	960	442	1146	1173	1205	1387	2294	2660	1322	710	2519	6924	2512	1993	1238	1092	1111	6966	3801	7791	5911	708	208	808	1198	920	1006
Rv1465.Rv1465	11756	1053	10177	11691	12403	14373	21794	24335	21513	11194	11715	12858	9351	8021	7340	6288	5399	18682	13388	20601	19001	23737	28828	7065	8864	8639	5859
Rv1475c.acn	3	2	4	1	5	6	15	10	1	1	5	6	3	4	2	1		2	2	2	6	1	1			1	18
Rv1476.Rv1476	1164	25	3	6	3	6	6	9	1	1	2	10	2	22	2	4	20	21	8	3	14	4	3		2	5	9
Rv1479.moxR1			4			2		8	1	2						1	1			1		1					
Rv1480.Rv1480	8610	421	7777	9874	12706	9718	4084	2917	5866	7978	4468	4846	4624	4366	5234	4306	3881	7296	8251	7634	8537	13238	19596	1942	4367	2427	3682
Rv1485.hemZ	755	25	729	816	603	939	210	74	327	355	576	1103	1394	674	783	232	222	2718	1988	1760	1443	893	438	85	149	219	627
Rv1490.Rv1490	6903	291	11283	10901	9508	11796	2726	3930	8735	9459	5220	4822	5723	6535	7722	7451	3925	10991	12400	8350	11801	21770	24710	6480	14228	10041	7466
Rv1522c.mmpL12	5025	225	6741	8762	7742	8401	1880	2051	6181	6332	3314	3249	3899	5870	7996	4459	4635	6490	7389	7157	7691	16645	3545	5519	12436	5412	6521
Rv1525.wbbL2		2	2	1	6	6	11	10	5	3	7	6	11	22	6	2	4	5	15	6	5	10	5			3	16
Rv1547.DnaE1	1		4	2	3	1	12	3	3	1	7	3	2	2	2	2		2			5					1	16
Rv1576c.Rv1576c	4177	210	5346	6217	8020	6513	1999	1206	5699	5520	3159	2766	2495	3530	4660	2591	3386	4990	8003	5286	6396	8277	9531	3808	5433	4347	4853
Rv1595.nadB	22	8	38	42	27	25	33	47	49	27	1084	2287	1784	882	753	229	271	2350	2408	2218	2104	62	23	1	4	8	49
Rv1596.nadC	2012	587	2724	2912	2845	3854	892	687	3651	4155	2586	2328	2747	4383	3953	2948	3463	6461	5841	4263	5551	5357	1246	1185	3871	1378	3925
Rv1599.hisD	48658	12169	48689	47797	45878	38548	28206	80385	38084	42059	11171	6762	21086	15679	23918	13808	17218	19149	16815	10739	13987	26463	15817	15164	24275	27656	11776
Rv1600.hisC1	22214	6865	26126	31057	27005	25421	24220	30484	30837	36860	21253	24976	23184	18887	19788	17130	15940	24194	27503	26251	25177	36783	48761	22613	30778	25556	22225
Rv1601.hisB	8878	280	18314	18768	18453	20066	2793	1753	8174	10711	6959	8367	6809	11085	12100	12313	10319	15489	18709	16369	22002	15426	11123	14663	26071	18072	17910
Rv1603.hisA						1		1																			3
Rv1605.hisF	4036	130	6376	7403	6693	6370	1392	921	3098	6390	1947	3433	3138	4952	6616	2915	3571	5013	6071	6684	6324	9148	3538	4738	6509	5432	4495
Rv1606.hisI	17	4	26	27	57	20	20	32	37	18	88	322	172	132	117	63	38	570	491	570	372	10	10	2	4	6	32
Rv1609.trpE	1	2		1		3	3	3			3	4	1			2				3	1	1					2
Rv1612.trpB	186	17	118	184	123	206	318	318	435	526	3409	3550	3369	3452	2625	3043	1759	7728	6964	8570	6669	1952	1086	13	31	25	133
Rv1614.lgt	296	19	995	961	1475	1070	353	280	1406	1842	871	513	550	1046	183	547	519	1307	1102	625	934	2070	1009	359	712	331	523
Rv1629.polA	2	1	2	1	4	4	2	10		3	1	4	1	2	2	1	1		1		2		1			6	18
Rv1631.coaE	12406	965	9040	9818	8228	8845	5461	6603	10561	11628	2110	2155	6452	5592	9764	6940	5527	5759	5904	4004	4332	13663	7740	2530	3461	3766	4920
Rv1643.rplT	1125	23	1357	1566	1191	2277	311	194	1087	1061	1098	1126	1320	2969	3635	3257	1846	3673	4153	3873	5201	2275	115	1556	1716	1533	2377
Rv1652.argC			1						1						1												2
Rv1653.argJ	32		295	293	363	393	1	1	1	2	144	77	77	34	162	4	3	221	561	310	120	16			83	7	21
Rv1654.argB	8097	449	9770	9659	14447	10496	3358	5353	6530	7222	4589	4512	4038	4499	5845	2653	3482	9986	10614	11740	10174	19085	40651	7475	11434	7811	8505
Rv1655.argD	1110	38	1093	1665	943	1807	1829	1007	2470	3331	3565	4739	3081	6366	4884	3037	5669	8837	7902	10261	11198	5192	8583	305	463	285	2159
Rv1656.argF	3255	99	3912	5108	3317	4892	2921	2015	5747	6784	4977	5307	4004	7832	8096	8912	6064	8771	8386	11412	11542	9039	8897	1790	3053	2684	5857
Rv1658.argG						3			1		2							2									
Rv1661.pks7	4571	371	4859	7199	5042	5427	1953	1456	3660	4058	2916	2980	2438	6301	5247	5870	4349	5865	6419	5046	6143	6396	4858	6018	8017	4938	4759
Rv1683.Rv1683	95		267	136	214	183		2	17	7	58	107	78	170	124	381	165	503	173	446	444	120		152	552	149	293
Rv1689.tyrS	6272	224	8447	10478	7680	9931	3447	2406	7166	6808	3800	4710	4533	5095	6225	5202	3845	8017	8121	8862	10020	11697	1032	7490	16973	9181	7119
Rv1695.ppnK	3134	608	4220	5894	4031	5054	327	557	2647	2520	2105	2191	2455	5356	5322	5640	4601	10431	9758	7611	9492	1488	584	4206	8622	5309	7289
Rv1697.Rv1697			2		1	4		3	2	1	1			1													7
Rv1699.pyrG	2680	47	2928	4630	3069	3949	376	220	1558	1530	539	751	1145	1832	1706	2095	1964	4233	3865	3566	3473	3362	153	1941	3643	2535	1712
Rv1711.Rv1711	134	3	628	577	1510	772	40	71	141	102	435	668	421	221	149	181	67	858	734	554	614	512	188	107	395	139	200
Rv1712.cmk	16599	4058	12713	13572	14495	12277	14325	30260	17608	14362	3379	2184	6666	6215	9856	6574	6032	6313	5457	4147	6117	9242	10108	7719	10457	10958	3734
Rv1783.Rv1783	12	6	210	128	76	43	19	37	36	12	36	200	179	29	275	103	10	762	451	917	250	2		1		119	32
Rv1796.mycP5	9751	301	11902	13260	12474	11636	5427	2561	7142	7810	5937	6219	4904	5821	7839	5499	4435	10803	9160	9702	9437	18020	16619	6535	7353	12194	6900
Rv1797.Rv1797	99	24	103	193	109	90	28	27	33	26	1205	2478	971	506	452	147	95	5657	5525	5850	5000	44	71	7	7	7	46
Rv1822.pgsA2	21131	9410	4246	6433	8242	6702	9374	8027	14256	13322	18852	14195	18812	15332	13445	12329	13644	12689	15075	10747	12327	11942	6858	2894	6142	2755	14463
Rv1826.gcvH		5				2	8	6	2			4	2	1	1	1		5			1						3
Rv1828.Rv1828	3562	69	3563	3085	2767	2221	1043	610	2177	1765	2087	1867	1280	2228	3873	1979	1586	3762	4134	2943	3752	1250	2	1327	5549	2518	2073
Rv1832.gcvB	4327	109	3746	5569	4941	5953	2705	3191	9020	7104	8066	6482	5237	6442	8447	7781	6310	10603	10285	9877	11062	21798	9453	2696	5491	3797	5231
Rv1836c.Rv1836c	2192	866	877	1136	863	542	380	342	724	629	458	300	1070	1944	3468	3951	2927	909	1291	461	631	39	3	753	926	1626	1139
Rv1837c.Ptb21-glcB	1													1					2								
Rv1845c.blaR			6												43												
Rv1854c.ndh	3402	167	3972	5465	6835	5819	1035	1022	2737	6957	2811	2711	3366	4414	3974	1147	2481	4140	4670	4067	4471	15229	1	2568	5418	5248	3494
Rv2006.otsB1	8015	357	11137	13401	12449	10396	5812	4191	9435	14276	4611	5687	6752	7054	8575	6458	5028	8790	13357	9041	10709	7915	15112	9573	14868	11218	9950
Rv2017.Rv2017		1	2		2	2	3	8	1	1	5		1								1						9
Rv2050.Rv2050			4	4		5		1					1	2	7			18	28	20	6					1	2
Rv2051c.ppm1	281	4	615	457	478	636	118	121	320	332	605	425	459	530	210	202	259	1434	1066	1232	1208	1477	1959	279	327	216	489
Rv2093c.tatC		8			96	216	76	8		7		32						2		55						34	
Rv2138.IppL	6346	304	11383	12259	15924	14086	3235	2843	8200	6433	5401	5121	4965	4471	9641	5472	5372	8012	6228	7656	7459	20800	16255	5143	6956	8918	5525
Rv2139.pyrD	383	11	185	346	198	249	253	268	348	338	2678	3998	2207	2459	2038	1575	1764	8688	7933	7762	7800	1249	3767	23	35	35	162
Rv2145c.wag31	2387	1	2473	3556	3948	3463	102	70	679	964	734	921	561	1597	2064	871	755	1577	1365	1663	1559	1787	2891	1494	3356	1495	1678
Rv2154c.FtsW	34	30	24	52	50	47	1398	109	22	31	171	142	264	73	55	23	16	24	26	18	118	62	25	1	41	21	160
Rv2155c.murD			1	1	1			3	2	2		3	1					2									
Rv2156c.mraY	366	3	284	322	672	449		8	18	13	4	28	3	119	143	6	119	148	126	176	100	1	2	51	324	144	40
Rv2158c.murE	6	13	8	11	6	2	38	64	3	4	27	168	98	200	66	56	52	1501	1953	894	555	11	8			2	14
Rv2172c.Rv2172c	26765	3382	13685	15463	19576	13620	6683	6753	9738	13620	4884	3382	14104	16678	22055	13628	15641	17212	12705	10947	13755	30260	9791	1954	3242	4026	8660
Rv2174.mptA	6208	162	5661	8635	8004	7040	4351	2929	8682	7869	5463	5602	7898	13590	14714	11566	10770	14084	13251	16732	15425	13080	20377	5827	17083	7449	9701
Rv2178c.aroG	1		4		1	2	3	4	1		1			1	1				2	13	2	1					3
Rv2182c.Rv2182c	5287	92	4429	6291	4527	5167	1115	228	2447	2222	2120	4530	4916	5802	6942	3469	4396	8246	9546	9078	10399	7777	6218	1734	6836	2637	7055
Rv2190c.Rv2190c	2545	239	2198	3483	2445	2986	4605	4580	4118	3820	3860	3125	2039	2512	2622	2109	1756	1642	2392	2144	2674	2262	3471	4518	8652	4279	5160
Rv2194.qcrC	6738	600	9323	9772	11418	10898	4045	3895	9167	7933	4494	6115	5900	6857	6827	6896	6034	9871	7530	7535	8955	11005	9457	6948	15882	7237	9378
Rv2195.qcrA	354	123	603	564	1209	804	1064	4839	1739	1987	7974	11784	4567	1334	1506	845	720	3268	2741	2900	2368	12082	11307	142	288	149	330
Rv2196.qcrB	90	97	150	189	345	219	1199	4073	273	594	9715	5229	2645	385	184	294	195	968	1134	1363	824	2090	2034	128	107	139	133
Rv2198.mmpS3	3741	507	1890	3134	4041	2641	756	534	1923	2474	1344	1234	1417	2347	2418	2252	1465	1895	2620	2524	2759	6362	5972	1600	2473	2004	2795
Rv2200c.Ptb21-ctaC			1	1	3			1		1	1	1															
Rv2201.asnB	1130	3	903	1384	1565	1279	224	278	455	449	2413	1576	2610	1890	2538	2945	2042	9738	10051	8898	8690	1568	1389	102	309	93	451
Rv2202c.AdoK	361	17	139	416	86	404	268	142	430	494	3287	4190	3405	4634	4505	3746	3016	7953	9737	7914	8014	785	428	22	46	44	820
Rv2211c.gcvT	8307	124	6920	7361	6624	9244	2953	2017	6846	7769	4771	5018	3590	5656	5994	4696	6203	9045	8765	10084	10009	12613	15529	3573	6814	4997	8857
Rv2217.lipB	1347	40	2167	1853	1624	1622	467	244	968	1650	1558	1045	979	1520	3489	1288	977	1539	2666	1850	2160	2496	4956	779	1997	1382	951
Rv2218.lipA	620	8	613	1117	578	1484	534	269	1001	1564	3486	5351	4172	4935	4628	4343	2351	6036	9461	7107	8616	7526	13755	22	28	39	633
Rv2225.panB	14564	2985	12482	12747	11524	13314	3873	3945	5715	6905	1535	1213	4827	7173	12679	8033	8683	8627	9059	4915	7471	12091	1483	5339	8627	10457	5733
Rv2228c.Rv2228c	1554	96	664	985	642	726	1027	782	1198	1296	5518	5250	5852	6821	8121	3149	4664	14201	11460	11242	13358	2016	913	35	100	114	791
Rv2235.Rv2235	1955	141	2927	2911	4010	4256	1624	2014	4616	5206	4618	4656	4780	2875	3304	2425	2361	6658	6829	6408	6650	17609	42003	869	1517	1088	2246
Rv2241.aceE	3653	112	4041	3352	3606	2249	919	958	2205	2583	6016	5568	3855	4039	3397	2187	2176	8103	10779	7873	9104	4965	6234	1507	2007	1957	3449
Rv2242.Rv2242		2		3		10	2	7	1	1	1	1			1	26	1		1		1						4
Rv2243.fabD	3857	69	2440	3143	2742	3706	565	389	1913	2457	2259	2669	2514	2614	3475	4722	2043	4667	3630	2911	4184	11560	1335	1789	2277	1292	2172
Rv2244.acpM	571		879	452	669	503	35	39	185	399	976	1741	863	781	1697	134	566	529	282	757	530	580	5585	83	128	71	169
RV2245.kasA	2441	153	872	1087	746	1075	121	141	218	353	267	541	735	932	1145	847	787	1424	1031	760	1060	1092	1029	148	179	329	529
Rv2246.kasB	308	31	667	1307	898	1021	169	36	462	286	302	207	264	268	460	34	287	482	284	317	317	423	1598	320	1335	215	305
Rv2339.mmpL9	4959	323	7288	8292	7269	8100	2615	1974	6465	6863	3954	3226	3351	4403	5059	3105	2930	7954	8506	7761	7646	6659	9981	4709	11741	7861	6792
Rv2343c.dnaG		3		2	2	5	15	5	1	1	4	6	7							1	2	1	3			1	10
Rv2399c.cysT	15020	2002	23486	21281	26751	16864	8718	9588	5885	5440	1721	1405	5118	4689	6037	2902	4069	5388	3383	2936	3749	10430	3870	3725	6123	6767	5379
Rv2413c.Rv2413c	207	14	76	130	121	100	473	441	609	513	1003	786	1362	1882	2037	771	1214	3058	4464	3080	3369	3771	3753	10	31	10	106
Rv2439c.proB			1								1	2		1													2
Rv2440c.obgE	87862	207658	69334	84414	75551	74905	449328	546281	426724	397321	249841	237874	297919	184363	81878	141915	135194	82904	112206	93606	143614	122620	108698	113833	160379	137640	99391
Rv2441c.rpmA	5886	140	7057	8313	8705	8780	2188	2735	8411	7245	5195	4104	3473	5356	5499	6347	5042	7090	5446	6419	10784	14087	16663	5154	10039	6378	6688
Rv2442c.rplU	5291	171	9722	9513	8977	8738	3407	1915	6407	7069	2708	3453	3398	2862	7134	6368	4952	7414	11046	8100	8356	11456	24599	4855	13188	8908	5575
Rv2444c.rne	10		76	183	72	10	18		85	7	15	34	28	16	379			52	171	12	6				368		55
Rv2448c.valS	83	66	15	11	6	12	33	46	44	31	619	1558	699	722	1593	44	93	12409	10664	8455	8352	22	11				15
Rv2454c.Rv2454c	493	29	716	1060	476	915	134	120	282	217	1535	2636	3261	1482	2070	960	553	9724	6678	8052	7800	313	215	73	90	118	506
Rv2455c.Rv2455c	4551	189	18285	16074	24101	24290	282	322	1557	1680	7670	8179	8767	1643	2121	1211	867	10937	7264	9929	8600	24716	4094	3449	8403	5154	3709
Rv2457c.clpX	355		197	243	275	229	29	66	42	61	54	109	150	100	597	92	54	2501	3085	2978	1564	16		13	18	33	13
Rv2477c.Rv2477c	27	9	191	185	234	240	250	254	102	133	3325	6130	2395	260	311	30	32	1930	1919	2597	1165	417	171	10	12	6	77
Rv2500c.fadE19	7728	397	13670	14538	13579	16442	2686	2002	7601	6453	3782	5553	5895	7346	10250	7989	5339	13887	14367	14572	11849	19137	25379	10938	16518	12947	12000
Rv2507.Rv2507	652	1416	1111	1116	1020	1237	1013	2168	923	752	369	92	141	108	99	447	168	36	12	24	32	279		41	837	490	67
Rv2509.Rv2509	9273	391	10793	11571	13312	14705	3572	4543	12111	12216	7100	6412	6853	7923	9648	8073	6987	13665	15256	14231	13901	21448	17127	8180	15766	11559	8864
Rv2511.orn	8	1	17	19	3	13	1	8	6	3	10	41	44	90	183	20	29	350	328	217	220			1		1	16
Rv2524c.fas	137552	316215	128396	146633	147809	121164	465132	346888	478817	519527	327828	277569	321848	288557	175369	205583	277119	154312	192852	178937	249314	183304	123536	186499	255402	220072	163890
Rv2534c.efp	3			4	2	6	14	6	7	8	12	14	18	12	4	6	5	21	16	26	11				5	2	14
Rv2538c.aroB	7	12	9	2	6	6	19	10	9	8	6	4	5		4	46		8	2	1	10	1	1		1	2	18
Rv2540c.aroF		2	1		1	1	1	2	2		1	1	1	12	1				5	3	3	7	1		1		4
Rv2552c.aroE	27	2	43	58	30	36	33	46	51	47	1049	2182	1474	686	493	135	124	4509	4697	4263	3106	51	80	2	5	2	33
Rv2554c.Rv2554c	1	1	1	3	1	2	7	19	1		2	1	1	4		1		1	1		3	1	1			4	13
Rv2572c.aspS	22095	55108	8229	10382	15795	9184	36136	58685	33095	31015	37788	28390	26669	7383	4887	9227	7554	6114	6045	6746	10250	3538	2475	612	1054	831	1078
Rv2581c.Rv2581c	11137	459	12639	12797	12768	12808	4826	3718	10151	10941	4472	5659	5603	8909	8874	6754	7535	14593	13731	12080	12662	25805	12932	10996	16178	14847	11192
Rv2586c.secF	32		108	208	165	312	1	3	5	4	7		19	37	358	8	31	318	329	331	156	62	422	42	235	104	97
Rv2587c.secD	2204	10	3330	3470	3881	3510	579	472	1169	1550	1241	1814	1116	2721	3739	2446	2458	3337	3621	4450	3538	7950	3280	3822	5456	1960	3920
Rv2610c.pimA	26288	931	2091	2281	2720	2092	1582	2915	2201	2691	2190	1542	5009	4707	9445	7113	4352	5653	4849	4121	4544	5030	1963	130	391	609	1550
Rv2673.aftC	22852	2697	18624	16521	18091	15369	7868	12043	12409	15096	2778	1518	6920	8266	9235	6869	6441	7149	6517	4606	7017	12004	9305	6586	9713	8520	7212
Rv2677c.hemY	1539	138	1322	2150	1116	2486	870	1247	1945	1878	3282	2692	3183	2732	3755	1744	2103	6241	6188	4958	5722	9462	8665	180	369	206	1248
Rv2678c.hemE	1		3	4		3	9	4	2	1	7		2	2	1	2					2	2					4
Rv2698.Rv2698	6030	280	8264	11963	8002	10468	2560	2362	7128	7034	3146	4224	3661	5017	5646	6805	4471	6798	7270	6051	6812	8859	12219	5067	6743	5127	7560
Rv2720.lexA	345	6	182	196	223	362	457	562	858	1652	2867	4686	4123	2947	6568	1734	2685	11269	12771	15092	11946	2023	1116	8	33	113	200
Rv2726c.dapF	87474	245128	37049	41711	35581	29610	109071	166181	109013	120186	101107	82743	86559	84157	60855	66045	74614	22086	19689	19751	31941	31991	62347	41374	66852	68533	27348
Rv2727c.miaA	1666	64	2032	2363	3969	3000	3106	7179	5195	3955	5916	5883	4603	2063	1812	1172	1712	5849	6281	7073	5452	6480	13078	444	1147	1006	1381
Rv2747.Rv2747		1	2	1		2	5	5	1	2	2	2			1		2				4	3					13
Rv2756c.hsdM	4603	366	6380	10479	8997	10368	2663	2681	6537	5576	3363	5225	4336	4519	5180	2780	3101	7946	7492	5914	8306	13112	17570	6359	6000	6238	5401
Rv2764c.thyA	6	1	23	12	164	20	7	11	16	6	26	44	35	31	45	23	22	110	89	108	67	10	17	1	2		8
Rv2773c.dapB		6	9	2	4	7	4	11	4	1	1			1	2						1		1				4
Rv2783c.gpsI			2	3		6	1	8	2	3	2	5		1	1	2					2					1	8
Rv2838c.rbfA			3	3	2	2	1	10	4	6	3	5	4	1	3	3	2	4		1	2	2	1		1	2	10
Rv2839c.infB			1		1	1	3	7				6	1						3	1							3
Rv2841c.nusA	6731	365	8699	11275	9298	10155	3607	3896	7540	9628	3415	4107	4342	7452	7005	6012	6318	8568	9665	7765	9207	16218	8112	8815	12305	7049	8549
Rv2845c.proS	36	14	5	4	8	8	10	4	5	5	55	258	121	177	310	58	61	4633	3710	1734	1869	81	4				4
Rv2861c.mapB	1144	25	1677	1595	1958	1416	345	356	957	646	668	872	661	483	288	693	976	798	742	642	802	429		1148	2657	1789	729
Rv2870c.dxr			1	1			3	5				1			1												6
Rv2903c.lepB	1406	125	1338	1044	1488	1192	249	1107	355	654	521	610	537	401	676	518	208	839	1022	899	1080	1992	99	985	939	903	716
Rv2906c.trmD	1				2	4	9	7	2	1	7	7	5	3	3	1	1	4	1		6		1			1	10
Rv2925c.rnc		2	3	4	8	16	1	22	4	2	2	2	2	1		4		1	2	1							
Rv2927c.Rv2927c	347	5	1340	862	1536	988	184	98	514	925	242	632	497	782	717	427	519	930	737	1632	1032	724	992	356	995	922	610
Rv2971.Rv2971	53		180	259	164	280			4	1	132	29	34	22	538	7	39	106	89	97	50	8	4	34	13	107	129
Rv2980.Rv2980	8647	472	10561	10475	11290	12572	4424	2935	9671	10643	6230	6850	4870	6835	6176	7219	7454	8536	12008	8157	12185	21079	7919	9316	19198	11225	12672
Rv2984.ppk1	4	4	1	9		3	8	7	4	5	31	38	23	47	57	6	13	540	419	532	235	1			1	1	4
Rv2987c.leuD	10167	297	6967	9110	6601	6777	204	521	581	838	149	375	506	2325	5306	2776	1977	4411	3709	4369	4085	3172	909	1458	2355	3332	4861
Rv2988c.leuC	3338	65	3460	5209	5773	5825	4348	4703	9068	10569	19156	22529	20713	19853	16941	22038	18140	33559	27253	38017	39796	49310	87121	1413	3218	2113	13787
Rv2995c.leuB	2	3		4	4	15	11	21	3	1	2	5	6	2				2	2		3				1	3	4
Rv3001c.ilvC	17901	1388	20218	24002	20912	21816	9572	10007	14283	20085	8847	10099	11909	9750	10789	10121	9508	16787	18024	15155	19717	31271	18409	14412	24954	20537	13759
Rv3003c.ilvB1	5752	166	7046	6519	6377	8110	4593	3637	8076	6303	3725	3744	4974	3639	3830	3369	4402	6231	6153	7480	8187	12756	21221	4287	12552	6411	6189
Rv3006.IppZ	23422	1387	54234	47613	84357	48515	19072	18864	29450	36011	13874	17436	21422	14131	21074	11835	13059	30110	25104	30091	36154	83183	33529	23375	36857	35092	18401
Rv3009c.gatB	1	3		4	1	1	1	5	2	2	2	3	2	2	3	2	1	1	1		2	1			1		12
Rv3011c.gatA	7658	189	12195	14562	13552	13239	3097	2348	7701	8932	4881	6322	6627	7837	8570	6728	6096	12001	12714	12226	16134	21580	23379	8870	15746	8710	9917
Rv3014c.ligA	35	5	25	33	10	39	258	295	368	390	2972	3819	3624	2345	3004	3534	1935	6736	6532	7610	6996	605	1344	5	9	18	102
Rv3025c.iscS	2	7	4	10	5	11		9	3	2	4	2		9	3	7	4	7	24	8	10	7			1	1	
Rv3028c.fixB	4	7	5		1	3	45	11	2	1	1	2	6	6	2	1		1			3	2	2		6	2	16
Rv3029c.fixA	22	94	6	4	3	13	10	14	4	1	31	32	14	3	19		1	48		76	11			1	1	1	
Rv3030.Rv3030	3267	150	3039	3761	3043	2861	1716	1020	4585	5055	2455	2536	2909	2545	2448	1864	1378	5397	3923	5125	4282	5366	3870	3536	10600	3442	4521
Rv3031.Rv3031	1421	40	3461	4706	2843	4077	536	577	1624	1962	2688	2206	2982	4010	4498	2284	2379	6059	5462	5815	6058	6105	1091	1002	1912	1691	2804
Rv3038c.Rv3038c	18934	3659	18357	19183	17621	18230	7683	22230	12324	14868	3631	2645	8134	6442	11065	7601	7468	7292	7231	5067	6071	14284	10015	5862	10145	9994	3931
Rv3039c.echA17	69	2	999	1204	885	1605	47	47	94	124	323	575	402	540	511	267	230	3151	3395	3463	2352	342	51	122	118	146	378
Rv3043c.ctaD	3002	328	4520	3490	7882	5663	7662	7289	7564	6950	10937	16049	9257	3732	4117	2601	3144	5658	8615	8818	9365	25686	14943	1614	2341	1879	1928
Rv3048c.nrdF2	2	1	1	1	1	1	8	7	4	2		4			1	5						1					9
Rv3208.Rv3208	131	4	85	5	24				1	20				29	96		64	157	150	108	25	1		6	1	163	
Rv3210c.Rv3210c	2534	44	1899	3270	1920	2598	247	39	543	607	675	1305	1116	3374	4436	2365	2026	6880	5438	5843	4337	1521	104	1100	1982	965	2338
Rv3211.rhlE	7353	351	8148	7071	8491	9212	5779	6864	12981	9795	3831	5200	4031	4439	4393	3462	1990	4825	5276	4705	6598	19718	22895	6502	7526	5564	6916
Rv3215.entC	114	20	39	61	37	80	777	12512	233	361	1559	1817	843	125	156	274	111	803	670	648	771	880	36	38	4	118	120
Rv3219.whiB1	4					2		4								5											
Rv3222c.Rv3222c	862	34	213	425	45	322	24	31	355	311	69	187	97	2558	2036	2215	1819	1681	2003	1081	2000	12		1084	1143	1039	2486
Rv3245c.mtrB	5280	156	2701	5126	4189	3490	566	1246	2885	4009	3501	4595	4674	4435	3602	4538	2280	5051	5800	4095	4657	2846	5937	1652	3884	1507	2710
Rv3247c.tmk			1			3			2				2		2			3									4
Rv3255c.manA	5882	387	8181	11621	8460	10790	5408	4111	13197	13015	7979	6914	7267	12845	11585	10308	6844	14311	12450	12174	16122	34392	4445	8558	14339	6518	13989
Rv3257c.pmmA	33	7	39	42	29	59	23	39	31	29	717	1730	1187	528	250	147	136	3817	3799	4077	2752	35	100		5	2	29
Rv3264c.manB	2107	34	1288	1451	1324	1702	2635	5469	3226	4591	13020	15447	12340	8439	5927	6151	6889	20561	18891	22930	24463	14650	7463	219	293	348	2618
Rv3267.Rv3267	1184	11	165	435	2640	431	106	85	125	868	203	153	106	279	315	50	86	133	430	268	64	1764		131	222	189	206
Rv3276c.purK			2	1						2	3	6	2				1	2									6
Rv3277.Rv3277	317	3	10	32	28	20	1			1	11	11	1	14	87	57	2	3	1	2	1						11
Rv3279c.birA	36	7	43	66	6	34	2	11	19	15	18	196	21	347	426	195	330	233	413	199	267	8	6	2	6	12	121
Rv3281.Rv3281	1		1	4	1	2	1	2	1			2	1			1	3	2	1								1
Rv3302c.glpD2	8680	3003	9949	10050	10194	10821	53913	173213	50083	48055	53539	35560	19381	20160	13889	16601	21092	15841	14294	15860	15300	18090	26702	11198	22691	18409	22085
Rv3336c.trpS	3	1	1		1	2	1	7	1		1	3	2	1			2				2	1				2	5
Rv3341.metA	3	1	3	3	1	2	5	6	79			2	1		2				1		3	1			1	1	12
Rv3356c.folD	3210	107	4066	4985	3725	3373	1675	792	2771	3145	1620	1909	2741	2657	3615	3133	2282	4074	2291	2638	2947	2795	4223	4156	3639	4508	3197
Rv3411c.GuaB2	1	1			2	1	1	3											1								
Rv3417c.groEL1	77		312	484	86	548	2	8	6	2	6	12	23	1069	2024	1531	778	1126	1350	816	884	10	75	90	89	88	1153
Rv3443c.rplM	705	21	1221	1307	1199	1375	820	2148	1828	1857	3814	3857	3243	1492	1244	1837	1353	2414	3726	3107	2706	8882	1226	328	699	415	1166
Rv3455c.truA	8879	300	10468	11890	10062	12130	3991	4039	10231	14586	5088	6982	6707	7607	10229	6627	4952	11988	11476	11591	11448	32088	11652	7124	13113	9484	8911
Rv3456c.rplQ	208	17	532	491	897	420	2	31	14	19	32	35	19	205	322	314	223	563	1024	489	421	3	10	498	270	224	213
Rv3460c.rpsM	4	3		4		3	24	7	1	2	4		3	3	1	3		1	3		5	2			2	2	14
Rv3565.aspB	8425	323	13498	12581	9571	13255	3960	2682	8382	10235	5121	4267	4247	7469	7526	9117	6997	10156	13730	10317	13676	10412	12580	8891	15534	10599	15147
Rv3580c.cysS1	3384	330	4029	2852	6320	4402	3305	5414	4315	4796	2163	3979	2587	2428	2286	2403	2307	2305	1674	2223	3766	13091	15906	1155	3894	2482	2439
Rv3582c.ispD	151	8	61	115	89	94	154	162	171	254	2641	3727	3445	2034	1399	1708	990	7436	9818	8748	7580	245	95	2	14	6	88
Rv3588c.canB			1					7			1		1														
Rv3593.IpqF	128		137	146	393	238	52	53	82	303		134	232	413		44	188	208	259	389	537			37	52	291	637
Rv3597c.lsr2			8	4	3	3					2			1	13			8	8	26	7						2
Rv3601c.panD			1		1	5	5	1	1	1		3	2		1				1		1						6
Rv3602c.panC	21501	2400	20890	23818	24602	22229	15759	22191	21351	17308	3809	3020	6897	7036	7745	7422	6843	10335	8175	5661	8745	23022	22390	7205	7681	11602	8490
Rv3603c.Rv3603c	9465	501	9316	11605	13467	12126	1789	1794	6367	8843	3207	3813	3996	5325	6496	5792	4676	7715	7142	6962	9877	9631	5277	5389	7974	6487	7369
Rv3604c.Rv3604c	107	2	137	178	102	133		13	7	9	7	14	16	253	521	164	156	767	706	462	258	2		7	8	13	27
Rv3608c.folP1	10	1	10	16	12	20	25	16	28	52	187	343	450	297	254	64	78	1134	1338	1499	1368	27	26	1	1	2	4
Rv3635.Rv3635	31946	3829	26127	28983	29597	25104	9604	25237	16833	18142	2910	2663	10288	8605	13899	9074	7867	13081	10307	7231	10430	31875	15418	7147	13613	15879	8663
Rv3644c.Rv3644c	408	5	211	448	270	336	513	1340	1857	2051	3353	3984	3473	2897	3405	989	2066	6277	6675	5985	6171	8189	10523	18	48	30	357
Rv3645.Rv3645			5	7	2	4	1	8	1	2	3	4	4	6	1	3	2	204	63	119	59						1
Rv3673c.ccsX	7		4	7	2	2			2	3	2	3	1	11	11	5	4	8	8	2	6	1		6	6	10	4
Rv3710.leuA	1829	25	2447	2957	3085	3548	990	1448	2327	2874	4876	4381	3500	4429	8126	4345	3066	7352	9226	8025	10351	9158	6267	1173	2272	1472	3415
Rv3719.Rv3719	2337	110	3487	3614	3748	3101	1632	1338	3694	4095	1503	1655	1759	1764	3869	2753	3138	4519	4682	3255	4959	2521	2207	3226	2894	2278	4571
Rv3722c.Rv3722c	5172	1313	7956	9438	13573	9389	1228	4367	3257	3959	3811	3171	2454	4471	6228	4098	3697	8620	9137	9907	15646	15257	3842	4922	9091	5814	7505
Rv3754.tyrA	9	5	10	99	21	21	44	12	7	6	44	130	109	54	41	9	13	441	463	703	349	11	5		1	1	8
Rv3790.dprE1	14357	468	11772	14903	14552	15194	2619	2579	7674	8283	4689	5021	5307	9630	18060	12165	10901	14153	14276	13317	16821	18195	16167	13477	22606	16392	14138
Rv3792.aftA	1075	34	77	62		5	1				2		4	30	87	90	1			6				10			94
Rv3793.embC	8		10	6	6	74	230		10	1		4	1	28			2	12	18	89	95	1		48			9
Rv3801c.fadD32			2	1	1		2	7	1		4	2							2								1
Rv3805c.Rv3805c	348	2	529	361	276	318		11	28	3	2	7	22	65	571	53	81	116	44	54	40	9		57	75	103	202
Rv3809c.glf	1243	10	6377	8953	5322	7091	26	8	128	120	2379	2722	1864	1542	6358	1552	754	3666	5061	4743	4000	1177	14	3345	5796	3276	6081
Rv3810.pirG	2083	223	4363	5275	3751	5211	1387	1132	3757	4261	2412	2103	1799	4040	4121	3508	3892	4149	4878	3638	4813	9914	2632	5299	4724	4063	5256
Rv3859c.gltB	62	2	260	204	87	327	8	13	4	9	365	1310	922	647	1488	159	169	10326	8765	8355	7068	40	48		3	6	39
Rv3863.Rv3863	13	1	4		3	1			1				1	1	7		1	17	6							3	1
Rv3907c.pcnA	11874	1579	14451	18701	23845	24085	14861	34090	21963	18414	17594	13466	11420	9078	10543	9968	9083	12078	12782	8807	14939	30076	43134	6865	16643	8713	7898
Rv3909.Rv3909	1101	28	1053	685	657	1007	277	574	835	1672	838	674	681	637	790	930	680	1081	1023	949	1076	830	1669	676	507	474	938
Rv3913.trxB2	12582	4086	13672	14639	14526	12853	6313	10554	10321	13469	1559	1875	7063	5591	6872	10551	6269	6807	4348	3551	5286	8141	12615	3650	4821	6723	4945
Rv3917c.parB	12		160	25	58	30		1	24	36	9	14	14	14	173	6	6	39	68	58	10	6	1	5	18	140	102
Rv3922c.Rv3922c	90	1067	90	51	407	195		157					1	99	5		214	12		11	2	1		230		82	2
