Gene	Day0	Day0_1	Day0_2	Pre-treat_1	Pre-treat_2	Pre-treat_3	Pre-treat_4	Doxy_1	Doxy_2	Doxy_3	Doxy_4	Nodrug_1	Nodrug_1	Nodrug_2	Nodrug_3	INH_1	INH_2	INH_3	INH_4	RIF_1	RIF_2	RIF_3	RIF_4	PZA_1	PZA_2	PZA_3	PZA_4	HRZE_1	HRZE_2	HRZE_3
H37RV_BC02	74	43	49	178	370	277	209	219	132	166	162	159	214	166	169	107	157	110	177	93	203	219	273	208	30	107	79	325	207	198
H37RV_BC04	9388	7904	8810	33884	29825	19920	15698	28855	16667	33162	19110	12781	25570	17216	17661	14979	17457	9325	19329	17348	17996	19614	56155	15746	12777	15607	8056	35449	23428	35744
Rv0002.DnaN	10689	16613	629	13809	225	7690	10961	4209	12822	4111	11160	6946	5459	7373	6233	7712	8721	12070	10206	8150	15384	7368	7069	5812	10437	7090	5617	4581	8024	3716
Rv0005.GyrB	135	26	9	91	3	443	93	7298	6360	9633	24421	12929	15673	9204	8802	3229	2535	1488	2989	7728	15731	8169	8747	5689	2751	2470	2410	5047	6976	9323
Rv0006.GyrA	18275	30358	1391	10448	263	26919	7453	6776	23609	6886	19328	11346	8626	10823	7971	9714	14844	10408	11809	8921	19064	10697	13992	6507	4040	5298	4941	13809	11664	11894
Rv0013.trpG	2206	4906	97	8844	168	4263	6509	1832	6945	2703	6127	4885	4857	4474	6382	4782	9426	9567	7088	5487	6886	4304	4532	10757	6423	5800	5486	1202	2664	2528
Rv0015c.pknA	590	1071	82	0	0	0	4	1	0	1	1	17	3	2	0	2	0	3	0	0	1	4	1	0	0	0	0	0	0	1
Rv0018c.P38-pstP	3	0	0	4	0	0	0	0	0	0	0	3	0	0	1	0	1	0	0	0	0	0	0	2	0	0	0	0	0	0
Rv0020c.TB39.8	25260	24577	3658	21910	632	11055	21603	3906	16875	6552	13324	8930	6395	8420	9094	6702	14074	10934	11623	8569	13983	8750	12712	9100	6891	6396	15892	37244	11224	12460
Rv0023.Rv0023	94	0	9	33	0	90	79	54	93	188	297	525	856	346	384	213	281	228	929	293	354	511	537	175	296	125	130	1073	218	164
Rv0041.leuS	18	6	6	12	8	19	11	809	136	1355	3408	3493	5440	1562	2036	1692	3503	1920	2579	1977	4272	2950	1625	1394	831	200	360	174	282	681
Rv0046c.ino1	1783	3326	113	1539	56	1468	1863	1267	4437	1511	4814	3484	3280	4317	4857	5352	5104	2748	4154	3028	7494	3873	2925	5944	5381	4770	3178	5148	5655	2721
Rv0060.Rv0060	3294	4710	360	7265	557	5849	5126	2801	9964	4065	10670	7916	11493	9797	9136	9519	7860	6593	6347	6017	12003	7520	5036	14072	6662	7563	7520	7489	7387	5115
Rv0066c.icd2	955	2394	173	1853	49	1159	1844	967	2173	2472	4428	2711	3947	4012	4066	4398	8444	7430	6001	2887	4616	3633	2764	5276	4380	4425	4485	3612	1723	2042
Rv0112.gca	2535	5004	231	8394	145	5180	7263	2492	9195	3148	9193	6005	9287	7711	7407	8422	9001	5435	8370	3865	6562	6553	5872	8773	9704	6761	4804	8864	3440	3797
Rv0118c.oxcA	1652	5	103	5495	103	4196	3552	1291	5235	2752	7226	2685	3355	5138	3909	4114	3475	2809	5812	3763	5325	3105	3925	4724	4979	3938	3020	2731	4679	2309
Rv0119.fadD7	981	2103	50	3978	61	1888	3230	1134	3589	1334	4068	1944	1818	2044	2663	3645	3408	5353	2914	2344	3145	2741	2044	5042	3328	3574	1577	2930	3676	1806
Rv0123.Rv0123	1	0	0	1	0	0	0	2	0	0	0	1	0	0	0	0	0	0	0	0	1	1	0	0	0	0	0	0	0	0
Rv0127.mak	2	1	0	0	0	1	2	25	6	2	7	54	0	5	0	2	1	4	1	1	4	1	0	0	1	0	0	1	0	1
Rv0164.TB18.5	43	22	4	6	2	9	22	111	92	168	566	536	388	658	310	923	1312	1363	404	429	718	698	409	1050	986	494	528	97	25	44
Rv0198c.zmp1	18463	27392	2012	37778	822	20459	22803	7433	28965	6843	20148	16051	11814	16048	11195	17604	19162	12792	20615	15370	22994	14630	16675	13479	14890	10632	10300	16429	12410	8964
Rv0204c.Rv0204c	2709	3033	432	7941	555	3613	7191	1789	5959	3592	4895	5398	4802	6272	7424	5463	7336	8469	5722	4716	7198	4967	4811	9733	5754	4511	6724	5491	3205	4665
Rv0206c.mmpL3	1171	111	121	2401	49	885	826	348	1771	284	809	850	271	832	437	683	1408	1073	1283	695	867	811	849	554	1484	932	527	164	94	588
Rv0224c.Rv0224c	837	1930	11	867	3	166	656	3535	841	1170	633	532	445	864	550	2736	5088	3630	5312	608	1122	753	368	4061	2456	1972	2091	620	254	195
Rv0225.Rv0225	1159	2489	175	4800	74	2346	2767	935	2531	1360	3221	2696	4035	2663	3140	3040	2672	401	2783	1854	3711	2427	2801	5084	3431	3454	2684	2236	1641	851
Rv0226c.Rv0226c	1602	4495	76	6717	94	2566	4115	1001	4297	2197	6962	4016	5434	4369	3229	2965	6156	2956	4001	3625	5341	3107	3207	5917	3476	5256	4007	5722	2407	2838
Rv0227c.Rv0227c	0	0	0	0	0	0	0	0	0	0	0	0	0	0	0	0	0	0	0	0	0	0	0	0	0	0	0	0	0	0
Rv0228.Rv0228	2360	2129	176	8505	77	4770	5636	1984	7205	2919	9488	9576	8646	6009	6173	6408	7504	8023	9492	5170	8087	9114	5096	6957	5401	6686	5772	8350	2996	3452
Rv0236c.aftD	952	1360	165	3338	39	833	1557	406	2100	922	2327	1183	1125	1343	1734	1811	3802	1074	2708	1383	1128	1930	1322	1851	2115	1367	825	215	2755	873
Rv0248c.Rv0248c	1	0	0	0	0	1	1	61	3	0	0	5	1	0	0	6	0	3	5	4	5	1	1	1	0	1	1	0	1	0
Rv0260c.Rv0260c	26	2	6	3	2	1	0	102	18	58	1	28	0	0	1	1	318	3	0	0	251	1	0	0	0	0	1	0	0	0
Rv0282.Rv0282	478	415	28	1162	107	2188	961	2815	10861	6079	12147	7066	8968	7825	9278	4702	7142	9364	5316	4899	10184	7173	6251	16721	10476	8872	9660	5980	7260	4678
Rv0283.Rv0283	517	3	32	2004	18	832	1341	348	1564	752	1517	1212	1044	1458	1247	2236	3796	1969	1331	1109	1790	1529	996	1670	1919	2048	1460	2423	1028	1601
Rv0284.Rv0284	2	1	1	0	0	0	2	0	1	0	2	32	1	1	0	0	1	0	1	0	0	0	2	0	1	0	0	0	0	0
Rv0285.PE5	1363	1137	47	2339	88	1034	1751	690	2661	1114	2501	1133	2016	2272	1448	2626	1798	2980	1643	1564	3701	1787	1894	2692	2972	2149	2762	4464	1455	1203
Rv0286.PPE4	884	946	47	2531	54	1464	1950	468	2961	1428	3562	1524	1370	1670	1859	2316	3396	868	1375	1085	2423	2047	1703	4423	2182	4452	2521	3676	2232	1618
Rv0287.esxG	1051	2794	32	2334	36	1016	1618	232	1399	1085	1745	1617	895	1632	1192	1169	1518	2577	1431	1245	1929	738	1148	3433	1096	2019	1335	4206	1501	460
Rv0289.Rv0289	408	1767	44	1733	52	819	2082	806	1450	910	2771	1548	1609	1315	889	1109	314	1456	958	1681	1458	1229	1362	1497	2108	2302	1203	1546	1508	1145
Rv0291.mycP3	2174	4764	146	4775	154	3638	4572	1466	5089	2566	5509	4677	4783	5209	4350	5030	5503	3312	4673	4234	7460	4390	4088	5907	5300	5715	4703	6787	3806	2191
Rv0292.Rv0292	1306	2374	59	4255	78	1897	3108	1084	3561	2109	3755	4023	2777	3498	3175	4097	4863	6862	2563	3346	4282	2571	3531	6946	3586	3949	3138	8481	775	1843
Rv0327c.cyp135A1	2216	4389	136	6072	64	2618	5044	1341	5436	1637	4370	3461	4526	4644	4817	8795	10066	5173	6258	4560	5276	4752	3722	7001	5967	5765	6288	4226	5396	3302
Rv0337c.aspC	57	6	0	0	5	137	2	19	122	622	297	40	8	90	16	68	407	1254	164	0	195	189	105	108	36	4	28	52	392	159
Rv0338c.Rv0338c	46	19	89	73	47	458	97	1336	277	1465	2938	4511	6678	1352	1217	617	1248	457	751	849	3471	1602	1734	867	248	338	187	218	1025	1037
Rv0347.Rv0347	1484	2347	41	3003	27	1768	2400	865	3457	1833	4186	3359	3492	3423	3958	3348	3533	3766	4390	3010	3101	2562	3347	4165	4724	3722	3904	657	2671	4282
Rv0350.dnaK	0	1	1	0	0	0	0	5	0	0	0	46	2	1	1	2	0	0	2	0	2	2	5	0	0	0	0	0	1	0
Rv0351.grpE	319	35	4	15	2	20	23	508	175	978	2935	2585	4246	1494	2198	1981	1933	3454	2835	2400	3680	2387	2508	2070	1101	486	623	108	237	351
Rv0357c.purA	0	0	0	0	0	0	0	0	0	0	0	0	0	0	0	0	0	0	0	0	0	0	0	0	0	0	0	0	0	0
Rv0363c.fba	0	0	0	0	0	0	0	0	0	0	0	0	0	0	0	0	0	0	0	0	0	0	0	0	0	0	0	0	0	0
Rv0363c.Ptb21-fba	0	0	0	0	0	0	0	0	0	0	0	0	0	0	0	0	0	0	0	0	0	0	0	0	0	0	0	0	0	0
Rv0364.Rv0364	2869	6331	255	5836	107	6265	5575	2618	7647	5141	8005	8406	10121	7575	7312	6111	8514	8852	6050	7804	10807	8479	8198	12005	8742	5751	8054	5953	5422	4706
Rv0373c.Rv0373c	3505	5539	351	9102	194	5523	8847	2026	8790	4541	9955	8219	8070	9333	8429	12837	15475	19216	13316	7342	12111	11378	8481	14813	10198	9962	8515	8285	5178	4389
Rv0382c.PyrE	0	0	0	0	0	0	2	0	0	0	0	23	0	0	1	0	0	2	0	2	2	1	1	0	0	0	0	0	0	0
Rv0383c.Rv0383c	267	145	9	54	447	116	88	151	178	56	124	27	38	135	73	207	619	343	388	158	123	81	118	410	53	118	134	25	143	6
Rv0404.fadD30	112	8	25	3	8	2	7	22	11	9	10	190	8	2	4	0	0	0	0	3	1	0	0	0	0	1	0	0	0	0
Rv0410c.PknG	417	972	2245	1094	1608	749	310	493	56	35	22	85	24	28	28	327	169	443	2238	82	157	444	142	2180	191	42	156	266	0	31
Rv0412c.Rv0412c	0	0	6	17	1	2	10	12	0	21	0	0	1	9	1	35	0	0	0	1	16	4	7	32	2	0	31	0	5	0
Rv0414c.thiE	1773	4079	57	2285	1386	3311	2584	2416	6284	4612	7762	6976	7439	7004	6788	4259	5873	4367	8575	5922	7874	5492	5725	11739	7052	6004	5574	10333	4792	6080
Rv0415.thiO	989	1509	59	1648	13	963	1518	310	1536	595	1811	872	1627	2088	1490	4268	4451	8280	3553	1580	3038	1950	1736	5349	2935	3054	2939	2419	2717	777
Rv0417.thiG	5109	1654	503	741	53	2340	789	2662	5164	2313	7405	5041	3266	4815	4030	7049	9888	4624	6571	5876	6834	5037	5567	5086	5862	3798	2822	5045	6454	2340
Rv0422c.thiD	671	269	28	536	13	846	604	1384	3203	2007	6363	5955	3963	5403	4316	2879	5558	3698	3288	4440	8772	5875	3556	4295	3728	3744	4032	1772	2414	2547
Rv0423c.thiC	37	13	6	6	2	48	23	252	119	356	1623	963	1305	626	653	1839	1697	1771	1615	1007	1197	1129	504	1341	353	277	135	567	283	365
Rv0429c.def	2182	943	71	1914	511	1229	1461	1560	3370	2253	4145	3109	3752	2317	3085	3957	5934	10349	3028	2749	5547	3034	3826	3516	1313	1114	300	6971	3496	4365
Rv0431.Rv0431	1754	1526	226	5249	403	3056	4232	1314	4049	2288	5009	2689	4278	5300	3732	2936	4092	2955	4463	3553	5997	4657	3844	7788	5046	5113	4542	2386	1847	1972
Rv0455c.Rv0455c	4545	4645	298	11567	1416	7178	6898	3015	7677	4345	9922	7824	10013	7233	7044	7975	10772	11395	7230	6271	12154	8599	6338	11116	9533	7014	5922	12462	5876	5327
Rv0462.Ptb21-lpd	0	0	0	0	0	0	0	0	0	0	0	8	0	0	0	0	0	0	0	4	0	0	2	0	0	0	0	0	0	0
Rv0472c.Rv0472c	62	1	0	0	0	0	0	2	0	0	1	5	0	0	0	0	29	0	53	0	0	2	0	0	0	0	0	0	0	0
Rv0479c.Rv0479c	2576	1097	124	9195	96	3387	5533	1588	4518	3058	7133	5011	7065	6226	5959	7083	5150	5814	8960	2328	5493	4984	3253	9467	5517	6775	4716	4357	3140	4167
Rv0489.gpm1	692	495	73	850	15	554	724	1500	2661	2876	6680	3967	5949	3928	4412	4207	5207	3526	6934	3403	5228	3505	3806	5832	3239	2507	3813	6816	2361	881
Rv0500.proC	15	8	1	1	0	3	3	57	6	83	197	347	394	149	244	228	264	694	432	226	369	303	385	207	82	17	24	3	59	70
Rv0504c.Rv0504c	1778	4404	86	2513	24	1099	2719	446	3592	821	2268	1821	1709	2332	2535	4068	6205	2087	5731	1108	1572	1568	717	6977	5488	3285	4591	1646	1597	1134
Rv0507.mmpL2	2940	998	281	7765	1297	4079	5283	2708	7927	4469	8335	5774	7303	6601	5959	4623	9930	5473	5955	3654	9440	5425	4556	12676	5320	8002	5903	8120	7036	4363
Rv0509.hemA	35	1	2	7	2	45	19	29	78	52	61	111	136	127	65	242	41	289	379	51	232	51	74	105	20	40	47	1	0	152
Rv0510.hemC	3	1	0	0	0	0	0	0	0	0	0	10	0	0	1	0	0	0	19	0	0	1	0	0	0	5	0	0	0	0
Rv0512.hemB	610	854	45	596	14	658	775	1071	3002	1704	4867	2854	4319	3790	3273	3930	6434	3167	4089	2073	5594	2747	2838	4257	2165	4604	2162	3015	3129	3067
Rv0524.hemL	311	6	30	842	12	441	489	111	478	357	753	948	332	268	273	643	2587	240	91	36	528	438	315	226	218	188	137	281	21	348
Rv0525.Rv0525	487	0	46	1800	8	1253	1714	509	1990	839	2853	985	1374	1499	1058	59	350	575	504	1086	1777	1766	1572	3814	1326	1838	1453	1302	1179	101
Rv0526.Rv0526	1198	271	93	4964	56	1770	3359	1178	3354	1710	4738	2484	3311	3885	3976	2795	1653	4361	3703	2536	3684	2662	1528	6024	2582	2795	2504	6572	2778	1875
Rv0528.Rv0528	1148	1367	70	2593	61	1738	1614	857	5292	1667	4193	1952	2241	2443	1732	3787	4196	4944	2870	2904	3209	2669	2808	5946	3055	5011	4307	5730	2336	1769
Rv0534c.menA	1455	1034	92	4112	40	1923	2933	793	2992	1405	4256	1194	1860	1882	2174	1902	2419	3099	2271	1313	3162	2245	2058	3939	2623	3724	2268	1039	876	2380
Rv0542c.menE	1088	582	62	3517	18	1802	2074	511	2003	1249	3268	1361	1470	1329	1580	1924	2884	3273	2326	1641	2085	1537	598	3789	3043	3163	1490	2340	1404	953
Rv0548c.menB	235857	310742	82615	274002	16063	113084	270992	57612	216954	107201	226696	161655	56388	163963	131755	226716	290676	229015	221410	143413	172881	127498	144001	200238	222006	151408	144418	16816	25101	103570
Rv0553.menC	15214	16472	1616	9162	322	9210	8206	6202	16426	5782	16154	10934	6465	11915	8914	13813	17566	14339	15109	12403	16897	9677	14052	14838	13075	7992	7563	15394	8697	5310
Rv0555.menD	58	8	7	4	6	13	6	88	15	8	4	154	3	6	6	1	2	2	4	7	1	3	4	2	0	1	2	2	2	4
Rv0558.menH	705	11	632	959	4355	1042	1447	1822	1262	1343	1538	1419	1296	1414	820	1397	387	1309	315	1373	1249	554	744	698	1508	970	796	4673	3647	1517
Rv0562.grcC1	1	0	0	0	0	0	0	0	0	0	0	0	0	0	0	0	0	0	0	0	0	0	0	0	0	0	0	0	0	0
Rv0636.hadB	938	74	77	1998	32	1484	1756	1184	3041	1653	3317	2279	4692	2722	2588	1986	2590	837	3045	1677	4112	2442	2124	3827	2798	2561	1165	5341	1737	2647
Rv0640.rplK	4351	2599	225	7699	196	6661	6396	2944	6878	4551	10591	7015	8330	7908	5996	6263	10148	3186	8350	6497	12423	7103	7638	9328	8464	8116	7696	8301	11229	6623
Rv0647c.Rv0647c	5	0	0	0	2	1	0	0	9	4	25	0	0	2	0	0	49	1	12	0	25	2	4	0	0	0	0	0	8	0
Rv0651.rplJ	0	0	0	0	0	0	0	0	0	0	0	0	0	0	0	0	0	0	0	0	0	0	0	0	0	0	0	0	0	0
Rv0667.rpoB	34	24	91	4	18	3	7	5	16	5	21	5	2	11	5	11	10	30	43	2	5	1	14	3	4	0	0	0	0	0
Rv0683.rpsG	0	0	0	0	0	0	0	0	0	0	0	0	0	0	0	0	0	0	0	0	0	0	0	0	0	0	0	0	0	0
Rv0684.fusA1	3568	4793	253	7312	148	3413	5775	1830	7433	2940	7930	6447	7016	6343	6852	8913	13731	9252	13014	5278	4671	5585	5192	13432	9491	7489	5808	8907	5187	3768
Rv0697.Rv0697	3995	5366	374	9242	171	5759	7558	2784	8279	3773	9047	6544	8541	7238	8119	8669	14841	8350	10409	6334	10161	8346	4505	11146	8721	7976	7421	8158	4388	4731
Rv0701.rplC	700	3	65	2633	33	1615	1037	1389	3431	2262	4442	3210	3509	2871	4175	4241	3611	7444	7011	3708	5398	4076	4148	4369	5781	3852	4224	4553	1662	2149
Rv0702.rplD	1147	1556	23	5217	21	2594	2811	2956	10226	6566	14794	7168	11965	6343	8014	4783	8075	3282	4480	4585	8686	5002	4917	11641	4781	5280	3827	11527	7014	8096
Rv0703.rplW	351	1201	16	2938	4	991	1745	381	2045	958	2939	2014	1872	2456	2168	2459	3253	2316	2230	1189	2720	1479	1411	2934	3147	2283	1348	883	1795	1656
Rv0706.rplV	8624	17517	587	27511	725	19524	17370	10423	29134	17841	37466	26306	30379	22246	19680	18336	28120	15965	15841	16443	28968	24449	16357	26839	22182	19449	16676	40321	18518	25471
Rv0707.rpsC	3616	3982	155	5612	104	2497	5443	1310	8079	4171	6432	5275	5317	6393	5323	11144	18039	13323	8628	6129	6833	7432	5760	17419	12649	9436	7147	8442	5226	3634
Rv0708.rplP	496	581	8	654	1	185	730	55	853	144	481	599	329	813	495	1458	3309	1374	1141	594	945	990	754	1777	2187	1444	1631	368	259	120
Rv0709.rpmC	314	10	3	58	3	49	124	584	284	1141	3414	1102	534	791	519	1862	3685	1668	1358	1117	2600	710	406	728	401	103	444	657	628	357
Rv0710.rpsQ	0	0	3	0	0	0	5	3	1	2	2	3	1	2	0	12	367	0	23	0	33	0	0	17	2	3	0	0	0	0
Rv0716.rplE	71	121	5	458	6	402	245	1464	1296	3059	3049	1017	1637	1037	1791	392	882	269	535	472	972	651	459	900	533	375	618	1848	1952	2686
Rv0718.rpsH	5	4	0	0	0	0	0	0	1	0	0	3	0	0	0	0	0	1	3	0	0	2	0	0	0	0	0	0	0	0
Rv0721.rpsE	2	2	1	2	0	0	0	4	2	8	11	20	13	11	10	22	41	6	23	26	19	23	19	8	5	6	4	1	2	10
Rv0732.secY	843	1286	86	1045	344	1440	1101	1337	2035	2625	5992	4085	5917	3415	4312	4578	6329	6238	4401	3220	6474	3848	4547	6891	2291	3985	3107	1929	2045	2736
Rv0733.adk	178	0	7	44	1	78	47	39	193	105	631	484	594	578	558	562	631	107	147	211	362	333	440	899	364	270	172	702	223	115
Rv0772.purD	6	0	0	0	0	0	0	0	0	1	0	12	0	0	0	1	0	0	2	0	0	0	0	0	0	0	0	0	0	0
Rv0780.purC	6726	1023	933	54	43	891	174	1896	1873	1144	5852	4535	2933	5343	3683	8537	12385	9544	6776	5265	6919	6543	6077	5720	5424	2574	2109	3505	1847	1639
Rv0787A.Rv0787A	255	133	21	114	7	347	206	683	1288	1041	2712	1654	2800	1843	1908	2680	1997	2663	1518	1150	3210	1803	2282	3494	2031	2023	2202	4346	793	968
Rv0788.PurQ	0	2	2	0	1	2	0	2	1	2	1	16	0	0	1	3	2	3	2	3	1	5	2	1	0	0	0	1	0	0
Rv0803.purL	1094	2374	22	283	7	244	146	91	350	133	628	308	319	152	97	1678	1003	2229	884	244	358	353	289	46	37	156	92	68	3	189
Rv0808.purF	278	125	7	236	3	375	151	297	486	515	1359	1114	1536	805	993	874	1347	1	549	563	1062	980	705	1910	659	288	370	233	868	781
Rv0809.purM	6140	8521	6808	20708	17035	10980	23643	7051	18667	22167	6545	13430	19302	19183	21273	22514	31000	30492	33095	18359	12523	32421	26262	18528	13016	13628	9201	51349	43444	59458
Rv0811c.Rv0811	2151	3193	173	3629	900	2476	4113	1442	2930	2697	4872	4003	3174	2467	2704	2836	2520	3664	2891	2051	5355	3659	1912	4730	2138	2791	3077	1853	3152	2460
Rv0817c.Rv0817c	4253	4799	285	1822	34	583	1393	227	881	174	1981	460	225	662	578	2001	2512	1603	3856	628	781	761	458	834	986	911	772	145	750	160
Rv0824c.desA1	1883	2331	1506	13721	12580	6138	7905	6623	10267	9630	8030	7807	8206	13960	17171	9619	3864	4296	11029	5494	6074	11299	7625	7169	15119	7793	8618	14125	5685	11697
Rv0884c.serC	1670	3141	172	1848	100	1112	2082	830	3687	1850	3992	5545	7056	6076	7590	10850	14531	11350	14467	3976	5218	4363	5718	7075	3653	5666	5481	20500	13972	11268
Rv0902c.prrB	1738	1567	152	5043	115	2068	2722	1165	5064	2631	4388	4511	5104	4953	2801	3474	4654	3009	4051	2975	5808	4850	3387	11418	3399	3708	2984	1774	4810	2671
Rv0913c.Rv0913c	3624	2717	207	10510	234	3650	6733	1937	7314	3983	8419	5610	7505	7677	7164	9028	16214	13273	11895	5629	7806	6251	5769	13294	10276	8482	8282	10783	6263	4130
Rv0938.ligD	2186	3396	106	5200	109	3450	2666	912	4278	1370	4601	3494	3707	2802	3712	4592	7319	3296	4456	2398	4106	4084	2032	3384	3194	4061	2672	7728	3024	3030
Rv0949.UvrD1	17918	20721	2295	22059	711	22962	14558	13734	28715	10145	28906	19725	14968	20548	16285	17262	22757	17666	16022	15755	32793	16961	19574	10808	11132	8592	5914	15126	12811	8806
Rv0951.sucC	519	211	160	263	106	1132	244	7039	2573	7913	14541	9027	12623	5878	5583	6488	3832	4192	5498	4918	12425	5953	5164	2758	1356	1428	1311	7466	2884	7743
Rv0956.purN	0	0	0	0	0	0	0	0	0	0	0	0	0	0	0	0	0	0	0	0	0	0	0	0	0	0	0	0	0	0
Rv0973c.accA2	8	1	4	3	1	4	1	50	13	1	9	12	1	1	2	3	2	0	5	3	5	9	3	1	1	1	0	1	0	1
Rv0974c.accD2	6	1	7	1	0	5	1	3	7	3	4	19	0	0	5	6	8	8	5	7	3	3	1	0	0	0	0	1	1	0
Rv0982.mprB	20676	15388	7772	19871	7542	27040	15440	27889	31942	18541	39082	18006	12551	20832	15862	15100	21139	15088	14452	12715	27430	15740	21331	20064	12887	11404	10508	27044	23920	12619
Rv1005c.pabB	1422	1107	60	761	8	982	929	652	2344	1512	4373	2826	3280	2952	2079	2346	5843	3391	2663	1488	3428	2608	2253	3453	1977	2030	1133	2437	2005	1628
Rv1007c.metS	283	176	280	41	12	20	60	13	0	48	8	7	7	9	5	162	68	0	318	71	21	14	3	0	8	2	0	0	0	0
Rv1015c.rplY	253	654	32	364	10	74	659	36	280	108	120	121	163	492	480	1453	1113	1015	2099	495	264	597	298	1195	672	524	553	79	195	187
Rv1017c.prsA	0	0	0	0	0	0	0	0	0	0	0	1	1	0	0	1	4	6	3	0	0	0	0	0	1	0	1	0	0	0
Rv1018c.glmU	1	0	0	0	1	0	0	39	1	1	0	11	0	0	0	0	0	0	1	0	1	0	0	0	1	0	0	2	0	1
Rv1023.eno	0	0	0	0	0	0	0	0	0	0	0	0	0	0	0	0	0	0	0	0	0	0	0	0	0	0	0	0	0	0
Rv1023.Ptb21-eno	0	0	0	0	0	0	0	0	0	0	0	0	0	0	0	0	0	0	0	0	0	0	0	0	0	0	0	0	0	0
Rv1025.Rv1025	0	0	0	0	0	0	0	0	0	0	0	0	0	0	0	0	0	0	0	0	0	0	0	0	0	0	0	0	0	0
Rv1044.Rv1044	649	796	41	1962	6	1117	989	507	1042	1199	1835	1493	1790	1604	1416	1298	1444	1192	480	1653	1569	1062	282	1137	1278	1218	829	747	422	445
Rv1076.lipU	1577	2961	114	5291	68	2625	3898	827	3695	1511	2847	2370	3178	3669	2739	4224	6949	3100	4248	1609	3463	2994	1922	5658	2381	3982	5109	2610	1513	1716
Rv1078.pra	3188	6746	538	6649	387	2798	4824	1206	5592	1854	3138	3105	4328	4324	3544	8242	10491	5025	7007	2974	3736	3355	4137	11198	5377	6077	8821	14825	7159	8970
Rv1092c.coaA	0	0	0	0	0	0	0	0	0	0	0	0	0	0	0	0	0	0	0	0	0	0	0	0	0	1	0	0	0	0
Rv1094.desA2	527	1287	57	3946	589	1911	3059	868	4634	1719	3290	1909	3591	4062	2559	1921	2670	1852	2617	3502	8890	4317	3241	3746	2356	3563	2049	1641	1830	1448
Rv1098c.fum	0	0	0	0	0	0	0	0	0	0	0	0	0	0	0	0	0	0	0	0	0	0	0	0	0	0	0	0	0	0
Rv1098c.phsp60-fum	0	0	0	0	0	0	0	0	0	0	0	0	0	0	0	0	0	0	0	0	0	0	0	0	0	0	0	0	0	0
Rv1111c.Rv1111c	333	1232	21	168	14	166	177	166	281	367	566	263	383	495	387	69	250	506	790	188	267	203	50	663	182	99	93	1	547	468
Rv1122.gnd2	572	3084	65	222	4	264	372	77	167	71	367	288	369	295	127	145	199	81	149	656	1364	966	1089	543	239	124	110	676	129	144
Rv1133c.metE	1207	970	168	857	97	855	901	2223	4755	3084	11122	5200	10198	6787	8093	6126	7220	4310	4725	5879	12668	7793	5009	7873	5763	4797	4010	9352	5651	4412
Rv1177.fdxC	26	20	3	7	1	15	12	10	23	15	152	286	526	131	131	159	188	558	139	174	319	373	237	102	109	48	36	64	75	29
Rv1187.rocA	842	825	52	3195	44	1326	3101	486	2509	1441	2330	2046	2696	2582	2224	1665	3087	3350	4045	2103	4462	2350	1978	4890	2114	3147	3613	1410	2545	2404
Rv1201c.Rv1201c	0	0	6	0	1	0	0	91	13	137	313	437	361	113	158	110	107	86	58	252	165	438	107	45	25	14	19	10	18	45
Rv1202.dapE	5372	8532	752	7947	382	6400	6986	5142	9712	2221	6001	5705	3214	7083	5139	5192	4598	8084	6864	6173	11354	7548	7041	4718	5124	4089	4569	7731	4985	5046
Rv1208.gpgS	695	144	54	660	21	699	785	1134	2584	1942	3921	3979	4115	3395	3083	4699	7155	2574	6468	4727	7693	4573	2852	5772	3150	2806	2294	4873	2578	2872
Rv1240.P38-mdh	9	12	0	5	0	2	3	1	9	3	1	9	8	3	5	11	9	4	10	7	8	7	5	5	3	5	3	13	2	1
Rv1254.Rv1254	2071	638	283	5831	76	3174	4336	1699	4311	3047	5884	5391	4591	4789	5786	5919	5824	6849	5508	4821	6544	3662	4803	5372	5212	4332	4578	2356	3816	3095
Rv1293.lysA	16	5	2	1	1	33	2	186	58	365	1271	1302	2368	368	506	266	368	421	373	468	874	772	352	282	81	44	38	533	272	171
Rv1295.thrC	0	0	0	0	0	0	0	0	0	0	0	0	0	0	0	0	0	0	0	0	0	0	0	0	0	0	0	0	0	0
Rv1296.thrB	43	30	11	9	1	41	11	550	216	689	3096	2242	2100	1379	1457	548	2522	725	857	567	1712	718	473	448	240	226	424	0	889	344
Rv1299.prfA	444	226	1	211	2	471	229	1997	2156	3985	12709	8338	9247	6152	6234	2585	4712	2009	3871	4030	9197	5242	4379	6043	4405	3348	2482	4471	6125	3715
Rv1300.hemK	8510	9063	928	14435	769	7216	8674	5502	11632	3520	8943	6366	3875	7855	5843	5223	7278	3501	8712	6998	12722	5407	7270	5118	4923	4045	3015	11479	5937	3914
Rv1301.Rv1301	0	0	0	0	2	0	0	11	32	0	34	0	0	0	28	0	0	0	0	0	4	14	0	0	0	15	0	0	0	0
Rv1302.rfe	2226	4687	193	6831	99	6148	4657	2737	6274	3883	9055	6310	9610	6787	5238	4027	6737	12671	5851	5619	6471	5529	5578	7620	9534	6098	3460	5685	5707	3634
Rv1304.atpB	1430	3	31	2628	68	1835	2588	12425	2201	1713	6080	2535	2121	3074	1900	2501	5266	342	2828	1212	3368	1467	582	4004	2312	2886	897	614	427	1284
Rv1306.atpF	25	36	4	26	1	22	18	367	305	908	3918	2644	5901	2383	1976	1749	3147	2142	2172	2289	3890	2522	1384	1395	772	410	443	633	500	855
Rv1307.atpH	10696	12811	735	20084	250	15220	12198	5660	19552	5586	15272	10978	5459	10286	7734	10006	12555	11199	10995	7347	15851	7411	9096	5715	6457	4615	3608	6457	6712	4461
Rv1308.atpA	2	0	0	0	5	1	4	81	3	1	0	7	3	0	0	0	0	1	0	0	0	3	0	0	0	0	2	1	4	2
Rv1309.atpG	755	2862	141	4260	73	2312	3707	1187	3491	2064	4373	2249	2987	2607	3261	3778	6906	3763	6588	3039	3881	2412	2750	7055	2577	3149	2050	3550	1870	1832
Rv1315.murA	8	1	2	0	1	1	2	2	1	1	2	52	1	0	1	2	0	4	2	3	1	1	0	0	0	0	0	0	0	0
Rv1326c.glgB	1213	3592	151	1166	37	1087	1034	928	3160	1926	3708	2056	2744	3229	2940	4714	9578	4598	5357	2460	4759	4755	3591	4037	2498	3728	3360	1654	2191	2066
Rv1339.Rv1339	198	847	2	15	0	2	18	0	17	10	1	49	5	24	33	185	0	3	283	3	94	5	16	0	0	11	42	0	0	0
Rv1342c.Rv1342c	825	1324	41	1751	9	1101	541	368	960	583	1313	1216	1643	1474	1318	1895	1496	534	427	911	1126	1020	752	696	342	392	437	1268	528	447
Rv1343c.lprD	2521	1444	144	6748	198	4149	4977	1377	4176	2578	5794	3534	4216	3649	3850	4709	4591	5437	4497	3721	6435	3359	3295	4619	2822	4006	3758	8272	3031	2443
Rv1348.Rv1348	1351	1496	71	4562	46	2182	3106	861	3088	1821	3244	4400	2923	3170	3173	4453	6353	1140	5734	3225	5402	3967	3690	5120	2150	3734	1343	6857	1675	1540
Rv1380.pyrB	10	1	2	2	0	3	1	223	20	376	498	1201	1133	313	583	273	254	864	386	734	739	632	735	157	49	16	38	153	72	124
Rv1381.pyrC	0	0	0	0	0	0	0	0	0	0	0	4	0	0	0	0	0	0	0	2	0	0	1	0	0	0	0	0	0	0
Rv1382.Rv1382	1106	1448	253	1485	14	350	1151	129	244	328	420	204	229	223	355	3126	3820	4932	4202	1286	1313	1023	452	1075	798	957	826	51	49	159
Rv1384.carB	60	39	2	31	2	154	18	1464	572	2325	5679	3490	4276	3808	3969	2078	2381	1376	2990	4189	5932	4285	3812	2708	1708	1156	1425	607	1295	1505
Rv1385.pyrF	0	0	0	0	0	0	0	0	0	0	0	0	0	0	0	0	0	0	0	0	0	0	0	0	0	0	0	0	0	0
Rv1390.rpoZ	0	0	0	0	0	0	0	0	0	0	0	1	0	0	0	0	0	0	1	0	0	0	0	0	0	0	0	0	0	0
Rv1402.priA	0	0	0	0	0	0	0	0	0	0	0	0	0	0	0	0	0	0	0	0	0	0	0	0	0	0	0	0	0	0
Rv1406.fmt	1418	2319	79	1663	5	1151	1340	1264	2045	1850	5201	3855	4090	3159	3153	4245	6282	3896	5426	4045	6259	3670	3668	7045	3148	3893	3536	3883	1703	2177
Rv1408.rpe	4664	4010	608	3738	202	3997	3924	2453	5978	2578	5003	3720	2295	4594	2701	2960	5357	3088	3959	3262	7401	3557	5150	3132	3625	2564	1410	1983	2715	1680
Rv1409.ribG	1064	0	25	286	13	267	277	172	1106	283	771	315	233	346	276	245	1408	253	722	705	594	554	1314	441	296	298	104	0	87	225
Rv1420.uvrC	477	904	10	533	5	128	482	38	375	156	467	316	183	521	486	2075	2825	1974	3228	495	357	471	392	1777	861	605	487	1294	73	152
Rv1436.gap	0	0	0	0	0	0	0	0	0	0	0	0	0	0	0	0	0	0	0	0	0	0	0	0	0	0	0	0	0	0
Rv1436.Ptb38-gap	0	0	0	0	0	0	0	0	0	0	0	0	0	0	0	0	0	0	0	0	0	0	0	0	0	0	0	0	0	0
Rv1437.pgk	0	0	0	0	0	0	0	1	0	0	0	1	0	0	0	0	0	0	0	0	0	0	0	0	0	0	0	0	1	0
Rv1438.Ptb21-tpi	4	3	0	0	0	0	0	0	1	0	4	9	0	0	0	7	7	6	3	1	1	4	0	10	8	3	7	0	0	0
Rv1449c.tkt	278	229	3	363	10	422	393	544	1229	517	1829	748	929	923	1239	1230	2535	139	2688	1018	1277	903	976	1293	1890	1616	1495	4216	1082	1626
Rv1456c.Rv1456c	3168	3001	133	8287	221	5575	5355	2373	7636	2845	7958	4111	5050	6278	4358	6367	6526	7669	7366	4850	9359	6896	5539	9687	7611	6049	4151	7573	1317	3930
Rv1457c.Rv1457c	27	0	75	895	408	905	747	841	1234	1029	1110	762	718	142	225	83	104	31	131	137	105	52	52	84	1	629	270	0	867	2137
Rv1459c.Rv1459c	3560	4593	294	4928	183	4539	3787	1887	6176	1660	4990	2347	1564	3204	2513	2780	3415	2442	2830	2186	4590	1876	3766	2885	2692	2376	1365	2047	1283	919
Rv1462.Rv1462	1610	437	95	1325	46	2879	2582	2043	7739	5268	7619	5087	6378	4700	5983	5177	6759	7041	4419	4218	5214	5507	3721	10247	3420	6234	6082	4409	9317	4792
Rv1463.Rv1463	115	11	3	25	3	527	58	1560	699	5221	11801	6983	11196	5784	6498	2851	5444	2440	4301	5139	9872	5478	5269	5593	2334	1065	1687	4642	1639	2466
Rv1464.csd	4560	3806	635	6020	502	12923	5511	13921	18025	17243	41439	28928	33919	23954	16406	10366	13600	8789	11400	22015	49242	23637	19582	15863	17385	13928	10829	22250	19266	18816
Rv1465.Rv1465	7670	10535	512	23474	506	14840	16175	7158	32139	11661	21547	12137	20200	15695	12248	10209	8667	13986	10406	10246	26213	15332	13459	16250	10562	11043	11072	14419	17391	11197
Rv1475c.acn	2107	3516	96	2454	80	3946	3528	3175	8854	4771	9918	6976	8954	6295	7952	5788	8722	3987	6906	4312	9363	5578	4926	6756	4637	6750	4917	5431	4298	5124
Rv1476.Rv1476	1240	3594	58	2627	51	1777	1871	739	2768	2043	2864	2275	3129	3341	2187	2461	4866	569	2203	2007	2242	2410	2861	3287	5063	2853	2572	660	2206	2964
Rv1479.moxR1	5	0	3	1	0	5	3	109	18	27	73	53	56	43	30	53	174	248	26	24	90	74	25	26	11	2	128	2	13	2
Rv1480.Rv1480	2321	431	164	4235	167	3437	4006	1535	5815	3037	5480	5575	5129	5075	4484	3411	6880	3640	3259	3708	6927	3362	4804	8561	4888	4536	3542	10331	5225	1591
Rv1485.hemZ	1	0	0	0	0	0	0	7	2	1	0	14	0	1	0	0	1	0	2	0	0	2	0	0	0	0	0	0	2	0
Rv1490.Rv1490	17807	39454	3924	33891	1685	18103	22655	9599	27187	9545	25339	16624	11047	19648	14440	16910	22972	15214	18766	13283	25368	14991	19841	17402	11583	10526	6926	13108	10008	8052
Rv1522c.mmpL12	2463	1407	204	6410	331	2954	5829	1670	5821	3419	6313	6235	6344	5893	5587	6294	10200	5575	7118	5528	9376	7074	5021	10939	5777	5669	3650	5130	6068	3524
Rv1525.wbbL2	1638	3741	169	8431	145	5681	5680	2064	7098	3433	10533	5734	8492	6622	6258	6566	7499	6356	9792	4794	9762	6946	6136	13648	5876	5432	4658	12138	4925	4496
Rv1547.DnaE1	5160	1382	104	938	24	3370	1038	2570	6916	2382	5950	4520	2854	5366	4016	4421	6420	3028	4085	3525	7444	3267	5793	5020	2372	2422	2258	3012	5546	2171
Rv1576c.Rv1576c	928	1157	44	2427	98	1529	1953	681	2342	757	2371	2165	1903	1935	1535	2459	2238	1257	3284	1778	1644	2437	1319	2093	2332	1633	1326	1216	2162	1492
Rv1595.nadB	315	68	30	117	8	186	101	488	1398	1038	1244	1254	2574	2005	2077	1083	1826	1885	1947	724	1782	1479	1035	1723	1084	1240	625	3140	2594	2379
Rv1596.nadC	403	206	57	2912	28	1029	1068	463	1889	777	1877	1867	2688	1895	1878	1727	3454	440	2072	810	2348	1969	1107	1743	1528	2047	1944	1951	593	1201
Rv1599.hisD	14586	15658	2065	34305	2224	16788	17835	12212	20794	6763	17854	19036	14863	20302	13484	13501	16552	13060	12984	12086	23900	11695	16995	10025	7871	7498	6246	16403	10686	13315
Rv1600.hisC1	435598	381493	661156	492680	1393033	472574	456042	1414316	674938	779022	592317	346567	288578	453082	419624	315620	360157	219755	392205	333718	377272	353575	475416	314538	254995	298137	232439	557552	701021	886100
Rv1601.hisB	2176	1846	34	5125	55	2906	5535	821	4885	1756	4478	4569	4413	4122	4437	5494	7694	5801	7695	3894	4372	4949	3655	4103	4895	3349	6665	6847	2239	3199
Rv1603.hisA	1	0	4	0	4	6	3	42	15	85	211	340	316	125	495	196	454	146	141	190	441	301	144	178	53	17	15	169	46	60
Rv1605.hisF	273	200	3	88	1	335	179	555	1700	1426	5174	3452	3029	3971	3621	3975	4716	5649	4387	2407	4081	3995	1920	3041	2447	2670	2883	5440	1332	1691
Rv1606.hisI	202	209	15	410	8	211	223	821	1213	1920	4332	4216	5788	3431	3332	3625	5021	4059	3757	2650	6124	3989	2601	3045	2141	1534	965	1444	1243	1904
Rv1609.trpE	75	24	13	32	5	92	36	273	193	588	1479	2188	3375	790	1425	1040	2260	876	914	1281	2706	1906	1700	859	490	411	438	113	175	209
Rv1612.trpB	544	478	34	1495	46	922	1536	755	3037	1278	3655	2797	4170	3300	2225	2581	1077	618	2818	2455	3199	2963	1801	3594	2431	3166	1004	525	2239	2470
Rv1613.trpA	0	0	0	0	0	0	0	0	0	0	0	0	0	0	0	0	0	0	0	0	0	0	0	0	0	0	0	0	0	0
Rv1614.lgt	0	2	3	0	0	2	0	9	1	1	0	13	1	1	0	1	0	0	1	1	1	0	2	0	0	0	0	0	1	0
Rv1629.polA	0	0	2	0	0	1	0	3	2	1	4	57	3	1	3	5	5	4	5	10	2	5	3	0	0	0	1	0	0	2
Rv1631.coaE	2	6	3	3	4	2	1	154	8	3	5	43	2	0	8	8	4	7	10	6	5	9	3	1	3	5	3	0	1	2
Rv1643.rplT	885	3726	83	2559	25	1468	2047	758	2787	1708	3900	2724	3663	3306	4411	4094	4322	1411	4541	4940	4938	3983	3349	6632	5243	3462	3722	2539	1055	917
Rv1649.pheS	0	0	4	99	0	0	9	37	49	0	45	1	28	8	29	0	0	592	0	0	29	14	0	91	62	0	109	0	0	0
Rv1652.argC	1	0	0	0	0	3	0	0	0	0	1	16	1	2	0	9	4	1	2	0	3	5	1	3	0	0	0	0	0	0
Rv1653.argJ	18	1	0	15	0	46	8	92	164	112	277	74	220	233	102	166	175	110	318	25	152	95	120	162	142	116	65	0	265	210
Rv1654.argB	29	28	0	33	1	107	26	355	264	636	1389	920	1182	1130	3098	716	1062	1095	615	956	1827	1303	1153	1209	822	508	686	429	1205	395
Rv1655.argD	1404	3186	112	3403	81	1938	1810	896	3259	1859	4993	2975	2678	3876	3142	2353	1351	779	2293	2705	4851	2972	3472	5498	3569	3415	5023	4959	1247	3195
Rv1656.argF	1533	1543	123	4106	135	2100	2631	758	3386	1427	4099	2407	2450	3866	2470	3918	6699	2533	1737	2057	4194	2999	1771	4967	4436	3811	2362	5654	2479	3734
Rv1658.argG	5	2	0	0	0	1	0	2	1	9	42	51	43	11	13	20	25	13	36	22	36	47	27	53	5	3	1	0	2	4
Rv1661.pks7	2041	1183	118	4752	98	1943	2690	860	3442	1568	3502	2885	3263	3953	4148	3571	4345	2897	2962	2343	3790	3366	2530	6273	4191	4060	3816	3819	1576	1927
Rv1683.Rv1683	0	0	2	0	0	0	0	0	0	0	0	0	1	0	0	0	0	0	0	0	0	0	0	0	0	0	0	0	0	0
Rv1689.tyrS	382	172	13	167	6	474	244	1496	2410	2745	6104	4362	4205	5958	4992	4275	6018	7239	6475	5046	9625	6275	3930	6460	5031	3347	2867	6239	3592	1882
Rv1695.ppnK	1610	1400	87	3489	115	2238	3068	857	1534	921	2085	1633	1917	2338	1541	3361	5425	2539	5434	5669	5411	4638	4873	3724	2431	2942	992	6318	756	1864
Rv1697.Rv1697	39	97	1	0	2	1	2	2	1	0	0	17	1	0	0	0	0	7	1	0	0	1	2	0	0	0	0	0	0	0
Rv1699.pyrG	1098	2091	11	2221	5	990	2070	364	1758	764	1809	869	1390	2072	1452	1951	1334	2025	2131	1313	1752	2154	634	2944	2172	1523	1877	2256	121	370
Rv1711.Rv1711	248	90	11	349	5	544	292	938	1134	2563	3734	1168	1213	1142	792	557	1127	408	420	608	1413	630	586	1285	754	679	728	1884	1834	985
Rv1712.cmk	5154	4926	760	9048	332	4885	5742	2332	7467	2016	6684	5026	2639	4300	3994	3589	5321	5494	2819	3130	5611	4182	4479	5340	2602	3491	3529	4855	2354	3068
Rv1783.Rv1783	436	142	11	67	18	463	144	1870	558	2898	8815	2970	3625	1979	2245	4326	7428	4925	6032	3459	6818	2811	1457	3583	1957	722	790	827	446	603
Rv1796.mycP5	1662	930	110	7039	44	3258	3467	1683	4903	2805	7495	5032	5687	4010	5232	4497	8385	6128	5834	3027	6169	4426	4476	6391	5842	3960	2499	5998	3824	3389
Rv1797.Rv1797	1075	642	52	341	239	1118	382	2969	2581	5640	12803	7811	8684	9018	7640	6241	11995	8069	9389	5015	11296	8466	5701	12129	5252	5037	6604	5388	5018	4031
Rv1822.pgsA2	3859	3216	521	8609	181	5136	7590	2581	6382	3927	7866	3798	6232	4909	6790	7055	5714	7078	9157	4129	6662	5851	3349	9243	6343	5296	7410	13232	4601	4623
Rv1826.gcvH	643	654	57	1077	25	1249	864	1441	3070	2463	5329	5598	6099	3318	5099	3241	5499	3504	3901	2636	5375	2869	2505	6080	4822	3139	2160	3628	3719	2789
Rv1828.Rv1828	24	0	1	1	0	2	2	20	4	1	2	15	7	1	0	5	4	3	1	3	4	3	2	1	1	0	0	0	1	0
Rv1832.gcvB	645	5149	37	2243	29	2183	2275	772	2030	1048	2096	2102	4181	2670	3196	2175	1759	1754	1616	1911	3142	3112	1722	3447	868	3339	2018	5138	1022	1972
Rv1836c.Rv1836c	1853	3568	484	1667	228	742	2359	904	491	1099	502	435	218	689	552	2198	3512	1897	3410	1251	958	485	593	877	740	739	876	316	167	81
Rv1837c.Ptb21-glcB	1	2	0	0	0	0	0	0	0	0	1	1	0	0	0	0	1	1	1	1	1	0	0	2	1	0	0	0	0	0
Rv1845c.blaR	0	0	0	0	0	0	0	0	0	0	0	0	0	0	0	0	0	0	0	0	0	0	0	0	0	0	0	0	0	0
Rv1854c.ndh	1640	47	211	27	11	578	52	2628	198	1253	3223	3114	1877	1736	1442	3103	3737	3224	4118	2277	2916	2113	2882	1662	1009	629	652	534	401	627
Rv2006.otsB1	2233	4859	151	8194	149	3749	4950	1850	8224	3405	7985	5444	6540	7817	8206	8502	8752	3334	7492	4613	8313	4478	5029	8557	8171	8502	3797	3813	6387	2115
Rv2017.Rv2017	91	8	4	22	0	92	25	289	287	813	2663	1541	1426	1358	1571	405	294	539	1245	1106	1557	1013	502	1535	537	395	619	442	501	660
Rv2047c.Rv2047c	0	1	1	1	1	4	1	0	2	0	4	12	1	1	0	1	1	0	0	0	1	2	4	1	0	0	0	0	0	0
Rv2050.Rv2050	14	0	1	6	0	6	15	1	21	25	47	56	57	78	48	50	220	384	11	11	32	30	12	131	48	18	59	0	1	11
Rv2051c.ppm1	118	57	4	276	1	151	166	157	579	321	1075	553	523	724	685	438	1037	631	561	508	633	813	424	1025	861	615	324	0	570	299
Rv2093c.tatC	0	0	0	0	0	0	0	0	0	0	34	0	0	0	0	0	0	0	0	0	0	0	0	0	0	0	0	0	0	0
Rv2121c.hisG	0	0	0	0	0	0	0	0	0	0	0	0	0	0	0	0	0	0	0	0	0	0	0	0	0	0	0	0	0	0
Rv2130c.P21-mshC	0	0	0	0	0	0	0	0	0	0	0	0	0	0	0	0	0	0	0	0	0	0	0	0	0	0	0	0	0	0
Rv2130c.P38-mshC	0	0	0	0	0	0	0	0	0	0	0	0	0	0	0	0	0	0	0	0	0	0	0	0	0	0	0	0	0	0
Rv2138.IppL	1	3	2	3	3	2	1	81	2	4	2	5	2	1	0	2	3	5	1	3	3	2	1	0	1	0	0	2	0	0
Rv2139.pyrD	1069	4579	75	1598	46	1596	2239	1942	4456	2865	7896	5301	6424	5182	7420	4827	7617	3475	7254	4725	9289	6659	4829	8447	5238	4236	4809	3983	4454	5219
Rv2145c.wag31	365	572	5	2003	4	613	792	354	1287	493	1488	863	1083	1147	768	584	832	143	433	581	864	392	162	1439	527	895	1001	0	552	523
Rv2152c.murC	531	2769	17	1785	246	788	1080	305	1619	555	1239	935	798	1946	1404	2181	6105	1075	1364	857	1611	1115	1184	1892	1464	1677	2331	3720	703	450
Rv2153c.P21-murG	0	0	0	0	0	0	0	0	0	0	0	0	0	0	0	0	0	0	0	0	0	0	0	0	0	0	0	0	0	0
Rv2153c.P38-murG	0	0	0	0	0	0	0	0	0	0	0	0	0	0	0	0	0	0	0	0	0	0	0	0	0	0	0	0	0	0
Rv2154c.FtsW	128260	131947	158900	464258	524431	266748	353467	226303	281500	299285	174528	209583	297750	271883	264671	218699	271402	204965	219939	312798	295101	321095	335293	276982	184565	228412	190989	389214	407292	407470
Rv2155c.murD	3	0	3	0	0	2	0	1	0	0	1	30	1	0	2	0	0	0	2	4	1	1	4	0	0	1	0	0	0	0
Rv2156c.mraY	243	60	3	221	0	71	257	16	281	130	561	73	32	256	188	1039	1014	931	1573	271	263	504	128	493	171	306	668	111	39	86
Rv2157c.murF	0	0	0	0	2	0	0	2	0	0	0	19	2	1	0	1	0	1	3	0	1	1	1	0	0	0	0	0	0	0
Rv2158c.murE	1526	591	276	98	38	724	139	3097	855	1801	7403	5213	2797	5479	3484	15104	20215	17635	12788	10518	16282	9463	9169	10621	5783	1778	3496	2203	2951	2129
Rv2172c.Rv2172c	26302	31752	4095	34315	1805	23053	29175	12974	44233	12554	34080	17067	12037	23890	17776	23325	32204	17015	24729	24700	34592	21525	23503	25332	21964	15851	11172	28284	17880	11312
Rv2174.mptA	3399	7537	193	14783	151	5437	8400	2699	11022	5065	10454	6146	8764	9888	9975	9977	17641	6142	13840	7710	13746	7859	7095	12177	11515	11682	10275	9235	5986	11419
Rv2178c.aroG	75	31	2	13	1	44	27	253	307	597	2021	1302	1257	1589	1415	2377	3309	239	3381	714	1852	1805	964	2867	621	687	771	1640	396	356
Rv2182c.Rv2182c	3409	6778	182	9891	130	4571	6254	2875	8593	3904	9264	5913	8785	7453	7883	6337	7078	7439	7605	6449	8852	7175	5653	10005	10577	7367	4324	5533	5077	5587
Rv2190c.Rv2190c	967	1309	128	2699	134	1600	3237	683	2316	1979	2057	1514	1808	1439	1338	1567	3259	299	825	1129	2073	667	1079	2397	1818	1900	1299	2177	3410	2390
Rv2192c.trpD	799	3462	81	2679	89	1400	2697	873	2512	1288	3376	2834	3406	2586	2338	1413	3675	2294	2117	1040	2410	2425	2160	4171	2653	2315	2207	1480	1175	1416
Rv2194.qcrC	1806	3798	54	4881	182	2428	3520	1658	4425	2156	5233	3378	3901	4500	5016	4227	5201	1946	6295	2861	5766	3159	4533	5859	3548	4258	3700	3057	2350	2707
Rv2195.qcrA	457	509	72	1253	532	3075	734	3419	2827	4892	7102	4518	7835	2926	3052	1632	26	105	1453	1189	2331	2944	1916	1602	796	1201	866	10262	4116	3578
Rv2196.qcrB	220	161	376	634	201	1369	503	5119	3228	8218	8762	6574	9261	5745	4290	1874	2930	921	2282	3318	5602	4886	2262	4821	2424	1950	1903	8304	1164	10676
Rv2198.mmpS3	505	1001	104	1205	277	604	1025	295	827	737	930	1216	686	960	1475	945	1775	2244	571	613	1118	1717	781	2033	1427	548	463	62	296	296
Rv2200c.Ptb21-ctaC	1	0	0	1	1	2	0	0	2	2	1	3	1	1	0	1	0	0	0	0	0	1	0	0	0	0	2	3	0	0
Rv2201.asnB	1007	1349	31	745	10	611	450	1079	3043	2098	5988	4620	7244	7003	5644	4069	13966	5210	6442	2910	6617	5735	2874	3743	1741	1303	2147	3189	749	1382
Rv2202c.AdoK	5	3	0	1	0	1	2	0	0	1	0	35	2	1	1	3	0	0	4	2	4	8	2	0	0	0	0	0	0	0
Rv2210c.ilvE	44	6	1	16	4	26	20	338	92	802	2960	1873	2926	1440	1852	1424	1873	940	1342	2331	4050	2214	1759	1236	580	272	544	385	247	464
Rv2211c.gcvT	609	1564	113	2854	32	1799	2926	733	2667	1234	4236	2928	3402	2901	2302	2249	5640	2528	3707	2576	4707	2921	2305	2972	2926	2228	3021	2309	1770	2973
Rv2215.Ptb21-dlat	0	0	0	0	0	0	0	0	0	0	0	0	0	0	0	0	0	0	0	0	0	0	0	0	0	0	0	0	0	0
Rv2217.lipB	0	0	2	0	0	1	1	13	2	2	2	4	0	0	0	0	0	3	1	0	2	1	3	0	0	0	0	0	0	0
Rv2218.lipA	1068	2287	91	3251	35	2533	3138	819	4097	1689	3625	3417	4381	3395	3563	3468	3426	6065	3676	2699	5220	3476	4276	2971	5423	3372	2774	1791	3163	2397
Rv2219.Rv2219	0	0	0	0	0	0	0	0	0	0	0	0	0	0	0	0	0	0	0	0	0	0	0	0	0	0	0	0	0	0
Rv2221c.glnE	0	0	0	0	0	0	0	0	0	0	0	0	0	0	0	0	0	0	0	0	0	0	0	0	0	0	0	0	0	0
Rv2225.panB	14799	18451	1996	18199	710	9572	16312	4362	16333	4706	16463	7127	4068	9270	8536	15196	20493	12439	19443	10163	16659	8888	10911	13399	12380	8392	7105	7118	7242	5048
Rv2228c.Rv2228c	1251	2282	120	2328	30	1605	2069	793	3636	1599	3380	2401	3583	3522	3231	3492	4493	4030	4057	1994	4080	3449	3080	3947	3061	3053	1459	3757	950	752
Rv2235.Rv2235	1854	4461	107	4462	73	3111	3958	2219	7446	4515	7640	6335	6971	5249	4209	4583	8364	2401	5070	4491	8924	6373	5251	10501	4993	6466	4412	5228	3954	5152
Rv2241.aceE	1346	1232	59	2617	42	1192	1057	1015	2787	2173	4336	3917	4844	3299	3637	2394	3259	3107	2179	2516	2735	3613	2746	4283	4677	4098	4056	7047	2888	3631
Rv2242.Rv2242	5899	3714	365	329	7	455	480	258	755	173	974	571	147	899	489	3392	3976	1683	3745	1411	1474	710	962	1579	1533	609	787	450	391	124
Rv2243.fabD	969	1071	33	2132	28	908	2041	780	1965	1206	2319	2561	2643	2024	2102	4080	7100	4629	3743	1058	1656	1878	1800	2848	1641	1798	1511	4098	1452	989
Rv2244.acpM	526	460	13	268	4	527	594	296	435	437	805	309	584	421	527	423	193	0	1986	297	447	421	139	571	158	336	168	0	709	71
RV2245.kasA	2196	2711	212	1493	162	620	1108	762	1367	250	1438	753	250	810	706	1262	2548	735	1917	738	1373	592	1070	930	902	733	987	2176	558	506
Rv2246.kasB	9	0	5	8	1	29	36	18	77	23	120	46	96	26	42	17	0	0	156	1	25	5	22	0	6	17	33	0	161	12
Rv2247.accD6	0	0	0	0	0	0	0	0	0	0	0	0	0	0	0	0	0	0	0	0	0	0	0	0	0	0	0	0	0	0
Rv2247.Ptb21-accD6	0	0	0	0	0	0	0	0	0	0	0	0	0	0	0	0	0	0	0	0	0	0	0	0	0	0	0	0	0	0
Rv2339.mmpL9	1711	1174	124	5207	64	2383	3059	1567	4806	2062	6663	2901	5225	3675	4170	3014	2583	2710	4532	3658	6104	4588	1747	6248	3511	3215	3260	9694	3748	2254
Rv2343c.dnaG	5119	13074	7408	11184	16738	11978	7078	5897	3417	7618	2787	7317	10237	6622	6849	2583	1339	3383	6042	5161	6494	4725	6504	3591	2120	2545	1974	16225	12187	6721
Rv2367c.Rv2367c	0	0	0	0	0	0	0	0	0	0	0	0	0	0	0	0	0	0	0	0	0	0	0	0	0	0	0	0	0	0
Rv2399c.cysT	7	4	8	7	5	4	5	252	3	6	10	101	6	7	15	12	6	16	18	16	14	17	9	3	0	3	1	0	3	1
Rv2413c.Rv2413c	241	80	6	362	9	114	356	52	642	260	385	113	139	705	449	1749	2298	1158	1634	597	532	623	271	1273	1338	954	445	275	315	374
Rv2438A.Rv2438A	0	0	0	0	0	0	0	0	0	0	0	0	0	0	0	0	0	0	0	0	0	0	0	0	0	0	0	0	0	0
Rv2438c.nadE	0	0	0	0	0	0	0	0	0	0	0	0	0	0	0	0	0	0	0	0	0	0	0	0	0	0	0	0	0	0
Rv2438c.Ptb21-nadE	0	0	0	0	0	0	0	0	0	0	0	0	0	0	0	0	0	0	0	0	0	0	0	0	0	0	0	0	0	0
Rv2439c.proB	86	2	3	3	0	22	7	75	51	250	666	747	457	174	157	139	159	73	145	242	528	420	230	373	73	42	106	26	48	125
Rv2440c.obgE	45	12	10	114	70	108	67	8883	677	2920	4955	3928	5782	3339	4841	1020	1527	1167	1053	2343	5279	2861	1963	1776	1177	597	473	2566	1003	1812
Rv2441c.rpmA	3982	6210	477	16366	885	10999	8490	6160	15640	12099	28952	14719	22666	11515	12966	9115	20439	8169	7705	7685	16013	12064	7895	17367	11343	11845	13436	11783	13243	12544
Rv2442c.rplU	2350	1778	232	10481	181	4033	6781	2085	7491	3402	11313	7226	5657	5965	7779	4705	7211	6402	6927	5595	9195	5668	5117	7728	6384	6639	4740	8284	4384	6240
Rv2444c.rne	0	0	0	0	0	0	0	0	0	0	0	0	0	0	0	0	0	0	1	0	0	0	0	0	0	0	0	0	0	0
Rv2447c.folC	0	0	0	0	0	0	0	0	0	0	0	0	0	0	0	0	0	0	0	0	0	0	0	0	0	0	0	0	0	0
Rv2448c.valS	0	1	0	1	0	0	0	0	0	0	0	0	0	0	0	0	0	0	0	0	0	0	0	0	0	0	0	0	0	0
Rv2454c.Rv2454c	786	269	72	1563	17	1654	2125	809	3215	1837	3218	3419	5065	3693	4767	3239	5116	7093	3306	2515	5361	3510	3499	5635	5158	4472	2014	1624	3158	1472
Rv2455c.Rv2455c	222	127	22	241	14	316	441	375	551	516	1651	3058	4534	1984	2923	1751	1961	2268	2022	2185	2393	3411	2646	3641	1348	1796	824	1558	644	848
Rv2457c.clpX	38	120	1	228	1	32	45	80	308	309	1018	88	622	653	422	198	317	375	291	223	1105	235	116	127	2	24	85	3001	885	426
Rv2477c.Rv2477c	506	209	14	1107	15	2285	734	17448	11803	32577	58160	33005	48619	25979	29562	16034	25261	24915	19493	12328	33704	14170	13925	16530	8555	6237	6267	33504	24183	31978
Rv2500c.fadE19	2	0	2	0	2	2	0	75	5	0	1	20	1	0	0	1	1	1	1	1	3	2	3	0	1	1	0	0	4	2
Rv2507.Rv2507	120	1	0	65	1	7	161	39	22	5	112	62	21	10	8	4	75	26	15	12	9	0	0	0	18	13	5	0	0	28
Rv2509.Rv2509	1234	3774	162	5810	164	3766	4489	1868	5989	4157	6870	3411	6293	4253	6310	3535	6617	4142	2557	3268	4326	4195	2851	6190	3550	4264	2285	9763	2766	3835
Rv2511.orn	0	0	1	0	0	0	0	1	1	0	2	7	0	0	0	0	0	0	1	0	0	0	0	0	2	0	0	0	1	0
Rv2524c.fas	2489	6702	857	6456	1407	4618	3622	10964	5292	3068	5281	4835	3860	4631	4389	4703	6942	929	3526	5055	6392	4760	4263	7240	6512	5158	3743	5986	2211	1452
Rv2534c.efp	48	28	3	54	0	41	31	141	266	325	897	600	725	526	515	195	603	121	253	257	388	284	182	100	124	116	88	34	117	138
Rv2538c.aroB	3850	1343	646	589	98	2327	781	4353	5141	3813	8558	6940	4804	7277	4163	6921	6539	7242	4730	6268	9262	4664	6672	5181	4270	2601	3330	12543	6394	5968
Rv2540c.aroF	320	15	63	38	11	231	33	317	305	428	930	544	203	518	302	1085	1200	322	705	726	793	652	1024	757	486	696	573	15	278	361
Rv2552c.aroE	457	740	20	581	3	810	474	578	2199	1111	2303	1863	2820	2099	2288	2771	4345	1932	2673	1993	3667	2863	1942	3293	1387	2207	1574	2782	2040	1161
Rv2554c.Rv2554c	237	411	13	993	4	558	644	149	1323	420	1618	421	554	657	867	715	2577	640	1607	456	480	1234	281	3373	1464	669	960	968	614	76
Rv2555c.alaS	1	0	0	0	0	0	0	0	0	0	0	2	0	0	0	0	0	0	0	0	0	0	0	0	0	0	0	0	0	0
Rv2572c.aspS	32	2	3	11	9	2	4	727	0	2	2	114	14	3	6	2	1	5	2	8	2	8	2	1	2	4	0	1	0	1
Rv2581c.Rv2581c	2307	1834	85	5325	64	2880	3613	1324	4657	2296	6244	3993	4910	5201	5088	3345	8094	4112	6715	3989	6653	4770	3472	8369	5821	4689	4623	4116	5417	1737
Rv2586c.secF	0	0	0	0	1	0	0	0	0	1	0	8	0	0	1	0	1	0	0	0	0	1	0	0	0	0	0	0	0	0
Rv2587c.secD	405	494	21	665	4	405	207	103	822	243	287	324	424	582	148	692	1554	2645	165	375	191	611	734	727	851	585	1050	488	423	387
Rv2610c.pimA	48854	48854	5991	21642	2620	14902	23787	8088	26155	6607	21520	14789	9034	14321	10622	17738	26219	14019	23350	13675	19850	12381	14086	12912	7680	8090	7041	22156	11748	12737
Rv2611c.Rv2611c	0	0	0	0	0	0	0	0	0	0	0	0	0	0	0	0	0	0	0	0	0	0	0	0	0	0	0	0	0	0
Rv2614.thrS	0	0	0	0	0	0	0	0	0	0	0	0	0	0	0	0	0	0	0	0	0	0	0	0	0	0	0	0	0	0
Rv2614c.Rv2614c	0	0	0	0	0	0	0	0	0	0	0	0	0	0	0	0	0	0	0	0	0	0	0	0	0	0	0	0	0	0
Rv2614c.thrS	0	0	0	0	0	0	0	0	0	0	0	0	0	0	0	0	0	0	0	0	0	0	0	0	0	0	0	0	0	0
Rv2673.aftC	14800	19752	2253	26366	760	14260	17985	6018	20757	6818	17711	11178	7402	12390	9921	13407	18272	14174	17323	12909	18353	11224	11848	10570	11580	9880	5219	15025	7328	6793
Rv2677c.hemY	364	0	78	621	45	467	486	226	955	450	726	435	440	896	431	1324	1246	273	254	941	941	623	748	548	954	492	384	10	525	1369
Rv2678c.hemE	886	1092	32	317	12	823	474	1377	2900	2787	7490	4993	5732	5256	4494	5554	6529	4264	5782	3361	7762	5196	4149	10414	5057	4584	4071	8235	4394	3795
Rv2698.Rv2698	458	850	31	1914	27	777	1924	250	1624	472	1290	1390	1778	1372	2021	1643	1352	2566	1465	1059	1693	813	759	3351	1199	1339	827	175	516	410
Rv2720.lexA	1083	1496	18	1742	7	1559	1214	987	3198	1696	5400	2532	4220	3791	2879	3013	2821	1897	2595	2395	4806	3208	2678	3150	2398	2179	2185	6530	3563	3683
Rv2726c.dapF	22922	16854	27514	39740	51138	25006	28979	18831	17547	22243	9918	16533	32404	22643	22593	18950	24129	18084	34913	11259	16097	18872	28200	11017	2695	6632	5422	29426	35323	34080
Rv2727c.miaA	219	841	39	1025	53	1019	863	1027	3310	1391	3666	2007	3086	1540	2571	1255	2533	1578	2103	1949	2076	2347	1455	1237	1573	2145	979	367	513	587
Rv2747.Rv2747	152	116	36	68	6	258	77	1123	1215	2054	4896	2982	3714	3146	3796	3081	5308	3090	3199	3174	4163	4305	2838	5183	2454	2105	1534	3109	1835	2177
Rv2756c.hsdM	1055	1639	81	4850	95	2731	3314	1604	5201	1625	3889	2781	3285	3806	4608	2162	5611	3777	3097	3136	4784	3203	2940	2985	3548	3037	2841	2323	2967	3414
Rv2763c.dfrA	0	0	0	0	0	0	0	0	0	0	0	0	0	0	0	0	0	0	0	0	0	0	0	0	0	0	0	0	0	0
Rv2764c.thyA	104	105	5	149	1	54	131	399	747	540	1645	2126	1411	1622	1431	2523	2107	1321	2273	2069	3810	2420	1585	989	661	441	703	1077	775	772
Rv2773c.dapB	54	5	16	6	6	32	8	199	84	503	976	1209	1644	439	609	1200	3699	1292	2252	665	976	914	818	683	402	297	92	288	105	135
Rv2783c.gpsI	565	2360	27	1766	3	394	724	107	766	171	944	276	1317	838	725	568	1749	1415	1002	631	965	887	626	2326	961	1186	493	0	415	90
Rv2838c.rbfA	1	1	4	0	5	1	2	4	1	1	2	21	2	0	1	2	1	4	2	6	2	7	3	0	0	1	0	1	1	0
Rv2839c.infB	22	10	3	9	1	35	5	240	179	635	956	334	457	306	169	168	75	694	616	289	647	344	105	328	245	67	21	0	191	256
Rv2841c.nusA	2081	3276	125	4822	129	3189	4286	1068	5173	2692	3869	2883	3822	3868	3585	3567	8622	7805	4506	2779	5313	3091	3413	7360	4820	4223	3207	3413	3604	3341
Rv2845c.proS	4	2	0	0	0	0	0	0	0	0	0	9	0	0	0	0	0	0	0	0	0	0	0	0	0	0	0	0	0	0
Rv2861c.mapB	1	0	2	1	0	1	1	17	4	1	4	11	2	1	0	1	1	1	1	3	4	1	5	1	0	1	1	1	0	1
Rv2870c.dxr	43	209	4	13	0	9	35	210	88	267	825	771	1274	459	647	464	288	828	599	386	1055	482	191	287	206	168	191	387	60	178
Rv2889c.tsf	0	0	0	0	0	0	0	0	0	0	0	0	0	0	0	0	0	0	0	0	0	0	0	0	0	0	0	0	0	0
Rv2890c.rpsB	0	0	0	1	0	2	0	2	3	8	21	17	23	16	8	10	28	4	16	17	20	57	24	9	5	0	0	3	0	6
Rv2903c.lepB	0	0	0	0	1	0	0	10	0	1	1	4	0	0	0	0	0	0	0	0	0	1	0	0	0	0	0	0	0	0
Rv2906c.trmD	789	895	54	340	6	1044	499	1130	1886	2629	6678	6363	5725	5405	5695	5590	3059	6486	5477	3838	6808	5563	5614	7186	3725	2623	2097	656	2357	2560
Rv2925c.rnc	0	2	4	0	1	2	2	6	4	0	8	30	2	1	3	0	0	0	0	0	1	1	3	1	0	1	0	0	0	0
Rv2927c.Rv2927c	279	425	12	103	1	158	200	545	2016	1148	3138	2263	2525	2036	1816	1302	1525	1302	1582	1428	2484	1772	1573	2184	1288	1235	841	706	1020	1157
Rv2971.Rv2971	7	0	0	4	0	3	1	73	32	55	150	90	201	46	126	329	238	206	239	11	23	31	3	35	25	27	69	1	3	123
Rv2980.Rv2980	755	1	76	1812	65	1247	980	399	942	299	670	496	358	1069	498	973	110	289	273	839	1336	559	333	1053	1450	397	951	1818	348	795
Rv2984.ppk1	152	30	6	33	0	97	52	944	366	2132	6160	6118	7090	3299	4034	1750	4693	1383	3481	2402	5110	4025	2302	2880	1438	866	743	1508	516	1045
Rv2987c.leuD	4740	7666	105	3704	9	1221	1631	593	2170	875	2004	855	600	1204	1233	2844	2464	1910	2981	1484	3402	857	828	3213	3146	3680	3032	673	304	258
Rv2988c.leuC	7265	9194	165	19368	81	11294	12228	14037	35233	26063	53753	38264	44278	36833	38868	23093	19945	19057	23944	22451	44594	24156	21395	84991	49587	43280	41989	14823	18135	17929
Rv2992c.gltS	27	23	5	10	5	60	24	866	396	1355	3543	2601	3896	2276	3089	1217	2802	1361	1490	2051	2956	2186	1942	2909	792	581	243	2052	598	721
Rv2995c.leuB	399	82	45	183	37	307	154	1733	1418	4850	8264	5171	9307	4397	5374	4007	4390	2738	4582	4056	9387	6379	4159	7021	2393	2089	1978	3844	3142	3612
Rv3001c.ilvC	1685	4726	236	12727	220	4850	5010	2457	8356	4098	9405	5569	8965	7676	7851	7491	8295	2815	6246	5925	9406	5607	7511	11316	6566	8509	4294	3647	8269	5500
Rv3003c.ilvB1	889	115	62	2814	109	2094	2664	494	3198	868	3774	2297	2229	1722	2409	1874	746	1079	2646	1160	2147	2574	1446	4726	1797	1841	2524	1039	1793	1393
Rv3006.IppZ	376	236	66	1974	53	2695	1406	1193	2787	948	2958	1898	1842	1552	1301	1540	1250	3967	842	1073	3204	1840	1734	3943	3249	2841	2274	2050	43	538
Rv3009c.gatB	473	46	51	68	44	433	74	692	1545	2192	3555	3370	4033	3321	3043	2652	8711	3756	3760	2669	3596	3599	3591	5223	3464	2971	2704	6193	2690	1728
Rv3011c.gatA	1230	826	65	3145	57	1760	2268	714	4279	1414	3888	2550	2524	2541	2424	2387	3425	2399	3114	2652	3368	2093	3149	4525	2866	2742	3711	1823	2050	2366
Rv3014c.ligA	1296	691	95	1605	29	1779	1455	1655	5643	3352	6735	6602	6200	6471	5252	5584	5549	3480	6018	4523	7877	4239	4620	9164	3028	5152	3617	1929	4618	5051
Rv3025c.iscS	33	9	8	2	5	2	5	7	4	10	3	84	2	7	6	29	33	49	35	3	3	12	19	47	12	6	10	2	0	0
Rv3028c.fixB	3270	693	505	1275	231	7475	1245	10334	12941	15564	27941	18852	22864	12597	13501	3767	2179	4028	4154	5927	20799	10682	12856	14362	6260	6981	4933	24392	19956	14491
Rv3029c.fixA	0	0	9	0	1	4	0	4	3	8	20	13	88	7	22	2	3	0	50	2	0	4	0	8	10	9	4	29	0	0
Rv3030.Rv3030	2047	1855	99	4634	100	2963	4247	1658	4151	2999	6951	6629	6668	4393	4518	4398	3119	3269	5967	3572	4471	4358	5090	6167	5186	4142	3921	5069	2237	3366
Rv3031.Rv3031	1259	3132	86	3521	92	1511	3290	1044	3954	1925	4447	4036	4619	3910	4091	4712	4784	1415	4250	2481	4419	4040	3305	7778	3145	3538	3491	6650	1591	2282
Rv3038c.Rv3038c	16568	18697	2954	30451	1156	17970	21002	8533	26264	7601	20811	11590	8978	14607	10999	12459	20192	10631	10349	11065	18572	10799	16432	12800	9681	9028	7680	19700	11161	11449
Rv3039c.echA17	324	100	27	398	13	356	313	689	1618	1260	3813	3732	5736	3787	4816	4185	6449	3949	4428	4100	4661	5019	2916	4574	2801	1582	1876	1531	629	1716
Rv3043c.ctaD	694	1255	89	5087	217	4422	2248	1966	8197	3829	5839	6804	5151	4815	4572	3424	2449	4133	4141	2395	4473	3205	3916	7952	3739	5187	3469	16219	8261	2987
Rv3048c.nrdF2	166	60	12	103	0	82	164	1065	908	1900	5245	4463	5242	3362	3848	2677	2938	1733	1899	3052	6361	3137	2477	2769	1756	1122	911	3024	676	1187
Rv3053c.nrdH	204	1	3	122	2	199	218	750	1256	1202	5533	2349	3801	2237	2347	1273	285	1624	254	1561	3439	1443	1057	1891	967	596	1807	1441	1699	1118
Rv3208.Rv3208	0	0	1	0	0	0	2	0	1	1	0	0	0	0	0	0	0	0	0	0	0	0	2	0	0	0	0	0	0	0
Rv3210c.Rv3210c	328	517	75	531	9	429	1019	192	1977	615	1701	2092	1550	1545	1675	2126	1305	1296	2728	826	1670	2937	1479	2422	1914	1875	1257	1145	1050	804
Rv3211.rhlE	1615	2150	112	8083	110	4224	4028	1431	6422	2538	7859	5253	6540	6862	4642	4992	4905	2903	1858	2312	4883	2718	2579	5494	5109	4669	3561	10278	7912	6600
Rv3215.entC	144	102	6	210	6	124	164	615	715	1264	1978	1776	3959	1267	1635	1036	971	376	2055	1153	2204	1446	2236	2003	747	550	1058	753	599	713
Rv3219.whiB1	0	0	0	0	0	0	0	0	0	0	0	1	0	1	0	0	11	1	0	0	0	0	0	35	0	0	0	0	0	0
Rv3222c.Rv3222c	347	652	15	184	3	42	413	9	81	11	17	50	32	163	167	1130	1138	1029	1235	249	202	508	261	1078	606	580	343	16	51	26
Rv3245c.mtrB	1245	2640	131	3341	71	2941	2557	1010	3770	2137	4256	3602	3455	3428	3160	1885	4681	4191	3980	1532	4547	2464	2998	3365	1285	2581	2319	4631	1541	2836
Rv3246c.mtrA	0	0	0	0	0	0	0	0	1	0	0	1	0	0	0	0	0	0	0	0	0	0	0	0	0	0	0	0	0	0
Rv3247c.tmk	0	0	0	0	1	1	0	0	1	0	0	22	1	0	1	1	1	1	0	6	2	1	1	0	0	0	0	0	0	0
Rv3255c.manA	1972	2726	179	4341	74	2758	3842	1245	3883	2231	3263	4152	3950	3709	3654	4271	5011	5225	3614	4116	6674	3580	3997	6850	6041	4414	3318	2043	5713	2422
Rv3257c.pmmA	255	46	7	120	1	290	116	841	1609	2783	4106	3706	3280	2850	2635	2358	2374	3557	2145	2534	3386	2984	2438	1412	1653	1208	1744	818	1636	2074
Rv3264c.manB	9	1	3	5	1	1	0	47	2	3	2	64	39	1	2	3	3	5	4	1	3	2	2	1	0	1	0	0	0	0
Rv3265c.wbbL1	0	0	0	0	0	0	0	0	0	0	0	0	0	0	0	0	0	0	0	0	0	0	0	0	0	0	0	0	0	0
Rv3267.Rv3267	164	0	0	394	0	36	16	62	148	74	219	434	88	108	89	85	751	0	0	23	193	33	94	232	48	221	52	0	0	8
Rv3276c.purK	10	10	8	0	0	0	1	4	0	1	22	12	1	6	7	41	130	242	142	18	8	12	14	18	33	1	19	31	3	11
Rv3277.Rv3277	1155	1305	108	386	18	129	747	109	1224	319	1445	549	172	716	539	829	1789	1354	1834	583	354	719	813	510	523	328	429	595	267	159
Rv3279c.birA	1656	2682	571	254	29	121	893	45	358	96	1071	248	58	385	206	2267	4403	2704	2707	661	297	500	417	1400	1092	615	1118	797	318	56
Rv3281.Rv3281	47	96	0	135	1	19	116	26	92	54	111	97	58	138	256	560	521	0	895	135	345	73	55	605	238	72	726	2	10	2
Rv3302c.glpD2	4628	6368	1250	26103	8764	12754	15767	24104	16595	18623	12992	14806	17289	16234	16500	19658	12617	8389	20245	14012	31150	19610	21975	12148	6525	8150	5705	18741	21972	41354
Rv3336c.trpS	67	9	4	4	0	17	5	302	94	609	1745	1294	1640	667	1483	1600	1475	1408	1751	1096	1212	1367	958	764	378	209	300	174	238	210
Rv3341.metA	408	898	67	1116	11	1123	1351	749	2225	2093	5289	2054	2356	1640	3625	1247	2246	1888	1385	2499	3683	2051	1778	2288	1991	1852	2575	4629	2161	1698
Rv3356c.folD	91	41	8	29	5	116	116	458	619	693	1608	1418	2347	1261	1054	1599	2501	574	616	1063	2290	1551	1848	2752	2316	1270	1123	1037	1604	715
Rv3372.otsB2	9	0	23	2	7	7	2	1130	13	203	259	1060	1347	340	582	147	154	281	139	780	369	950	1226	153	34	8	11	2	35	166
Rv3411c.GuaB2	59	65	3	109	2	86	57	60	182	82	162	259	210	200	91	43	312	50	72	134	358	129	143	65	85	68	18	453	125	385
Rv3417c.groEL1	78	67	3	4	1	1	28	5	2	3	3	47	2	18	4	749	883	1543	1088	8	14	16	5	245	301	39	184	54	46	0
Rv3443c.rplM	435	1106	29	2363	30	1041	1131	902	2587	1916	3069	2921	3612	2485	3463	1664	2653	1062	1473	941	2326	1304	1777	2429	2111	2139	1209	3455	1329	1815
Rv3455c.truA	3431	3730	185	10408	154	6301	7852	2983	9298	3957	9829	9124	9636	8039	8140	7433	10088	1960	9039	5449	11682	8597	7433	11793	6187	8425	6301	5045	3918	5324
Rv3456c.rplQ	246	348	13	58	4	44	41	63	48	127	226	58	12	17	33	514	1856	168	561	95	324	87	46	183	61	57	73	21	15	111
Rv3457c.rpoA	1	0	0	0	0	0	0	0	0	0	0	0	0	0	0	0	0	0	0	0	0	0	1	0	0	0	0	0	0	0
Rv3460c.rpsM	1527	2913	190	4140	538	5082	3434	4436	5921	4835	7122	3772	5420	4404	4185	1856	1179	3134	2200	1388	3144	1754	1285	3499	1628	3112	467	1455	3007	4565
Rv3462c.infA	0	0	0	0	0	0	0	0	0	0	0	2	0	0	0	0	0	0	0	0	0	0	0	0	0	0	0	0	0	0
Rv3464.rmlB	0	0	0	0	0	0	0	0	0	0	0	0	0	0	0	0	0	0	0	0	0	0	0	0	0	0	0	0	0	0
Rv3490.otsA	2	0	0	0	0	0	0	0	2	0	0	33	0	2	0	0	0	0	1	0	0	2	0	0	0	0	0	0	0	2
Rv3565.aspB	1275	1713	112	1487	60	936	1282	377	1043	671	1711	1431	1124	1118	947	1285	2983	1819	1447	1293	1453	908	656	5619	2387	805	4273	3638	2629	874
Rv3579c.Rv3579c	0	0	0	2	0	1	3	3	9	67	55	28	0	9	0	0	0	0	78	0	0	0	0	0	0	0	0	278	0	0
Rv3580c.cysS1	8	1	5	5	0	7	6	178	23	180	318	232	379	113	164	43	41	39	32	72	146	229	140	63	29	11	10	15	4	33
Rv3582c.ispD	1709	1263	118	1549	28	1665	1702	1318	4575	3740	9145	5733	6694	5169	5264	5780	5654	2444	7056	3816	6240	5318	4512	9923	4628	5219	4926	4177	4500	3635
Rv3587c.Rv3587c	0	0	0	0	0	0	0	0	0	0	0	0	0	0	0	0	0	0	0	0	0	0	0	0	0	0	0	0	0	0
Rv3588c.canB	2	1	0	0	1	0	0	0	1	0	1	4	0	0	0	0	0	0	0	0	0	1	0	1	0	0	1	0	0	0
Rv3593.IpqF	0	0	0	0	0	0	0	4	8	0	0	0	0	0	0	0	0	0	0	0	0	0	0	0	0	0	0	0	0	0
Rv3597c.lsr2	1	0	0	0	0	0	0	0	0	0	0	0	0	1	0	7	18	0	57	0	2	0	0	19	3	3	7	0	0	0
Rv3601c.panD	161	47	30	183	4	196	83	810	589	1611	5119	1435	3241	1434	919	1038	2059	1532	702	2218	3289	1808	1475	1535	1913	825	1197	863	174	388
Rv3602c.panC	11580	12859	1012	13621	644	8620	10671	3537	12723	3208	9955	6306	2726	6441	3980	6367	7513	2397	8728	7217	9459	5727	9991	9521	9268	6775	4236	7524	4568	2612
Rv3603c.Rv3603c	50205	40555	64288	104705	136438	101080	84893	69787	63989	93988	38603	59471	86158	71594	76966	58107	59348	70576	68005	68778	77811	85893	106434	86949	37985	65921	41934	91434	68731	52654
Rv3604c.Rv3604c	0	1	3	0	0	0	1	4	2	2	2	57	2	2	1	0	2	5	4	4	4	8	2	0	0	0	0	0	0	0
Rv3608c.folP1	101	2	11	75	3	150	158	173	532	537	1736	855	1173	2039	1395	1665	1377	3878	1810	903	2343	1794	1074	1322	1169	1341	1817	1762	949	1516
Rv3628.ppa	0	0	2	2	0	0	0	40	4	26	38	129	121	12	22	1	5	10	9	28	29	44	12	4	2	1	1	1	0	1
Rv3634c.galE1	0	0	0	0	0	0	0	0	0	0	0	0	0	0	0	0	0	0	0	0	0	0	0	0	0	0	0	0	0	0
Rv3635.Rv3635	8667	11121	1233	12398	332	7799	7676	3836	12110	3293	11699	7053	4388	8448	6596	5784	12134	8317	6214	6471	10351	7206	6411	5344	5055	5317	4394	5363	4342	3346
Rv3644c.Rv3644c	1	0	5	0	1	2	2	21	3	4	2	30	7	0	2	1	2	6	4	6	3	6	5	1	0	0	0	0	0	2
Rv3645.Rv3645	31	2	6	9	1	6	13	14	8	9	43	35	62	63	73	255	495	415	624	93	173	81	46	289	325	160	129	38	1	5
Rv3646c.P21-topA	2	2	0	0	0	1	0	0	0	0	1	1	0	0	0	0	0	0	0	0	0	1	0	0	0	0	0	0	0	2
Rv3646c.P38-topA	0	0	0	0	0	0	0	0	0	0	0	0	0	0	0	0	0	0	0	0	0	0	0	0	0	0	0	0	0	0
Rv3671.marP	0	0	0	0	0	0	0	0	0	0	0	0	0	0	0	0	0	0	0	0	0	0	0	0	0	0	0	0	0	0
Rv3671c.Ptb21-marP	0	0	0	0	0	0	0	0	0	0	0	0	0	0	0	0	0	0	0	0	0	0	0	0	0	0	0	0	0	0
Rv3671c.Ptb38-marP	0	0	0	0	0	0	0	0	0	0	0	0	0	0	0	0	0	0	0	0	0	0	0	0	0	0	0	0	0	0
Rv3673c.ccsX	5	9	0	14	0	1	10	1	3	2	1	4	2	8	9	17	13	9	18	8	8	8	8	7	0	7	3	5	6	1
Rv3709c.ask	0	0	0	0	0	0	0	0	0	0	0	0	0	0	0	0	0	0	0	0	0	0	0	0	0	0	0	0	0	0
Rv3710.leuA	1336	1553	54	3581	84	1877	2924	1132	3550	2142	4962	3857	4941	3526	3389	3585	4052	2774	3879	3794	4409	3868	3748	5306	3252	3484	2808	3157	2929	2685
Rv3719.Rv3719	586	0	29	1116	14	415	889	116	922	360	1986	678	1756	2052	587	1693	763	1842	961	1243	1371	905	704	2408	916	777	844	332	85	514
Rv3721c.DnaZX	0	0	0	0	0	0	0	0	0	0	0	0	0	0	0	0	0	0	0	0	0	0	0	0	0	0	0	0	0	0
Rv3722c.Rv3722c	55	12	74	4	11	12	7	673	172	1444	1970	1649	1378	919	736	1438	2168	3774	2887	1532	1268	1163	1113	1125	392	134	166	131	385	544
Rv3754.tyrA	158	56	11	59	31	134	53	901	632	1652	5442	3453	6187	3216	3493	2623	4303	3097	3268	3664	5524	3687	3640	3221	1709	1071	1157	2258	1359	2125
Rv3778c.Rv3778c	0	0	0	0	0	0	0	0	0	0	0	0	0	0	0	3	0	1	0	0	0	0	0	0	0	0	0	0	0	0
Rv3781.rfbE	1424	491	87	3873	22	1992	2052	1094	2896	1206	2106	2364	2626	1603	1936	3031	3245	1681	1782	1510	2399	3579	1652	2899	2858	2403	1411	1192	839	662
Rv3790.dprE1	1756	6051	88	4833	64	1592	3641	903	3053	1878	4143	1974	2069	2310	2840	3992	6394	4641	5275	2749	3874	4360	2187	4025	2649	2539	4064	3858	2125	2222
Rv3792.aftA	137	1	12	0	0	1	0	4	0	8	0	7	1	2	0	32	0	2	0	13	2	0	2	31	0	1	0	0	0	0
Rv3793.embC	10	0	0	4	0	1	2	5	1	6	0	6	0	1	0	24	39	16	12	0	0	4	0	0	3	2	0	0	0	0
Rv3795.embB	0	0	0	0	0	0	0	0	0	0	0	0	0	0	0	0	0	0	0	0	0	0	0	0	0	0	0	0	0	0
Rv3800c.pks13	0	0	0	0	0	0	0	0	0	0	0	0	0	0	0	0	0	0	0	0	0	0	0	0	0	0	0	0	0	0
Rv3801c.fadD32	276	148	50	390	10	346	597	471	732	1104	2119	1396	1855	1529	1562	2167	2853	2945	3508	1391	1229	1793	1023	3032	1073	963	1702	1244	1224	814
Rv3805c.Rv3805c	39	12	3	13	0	1	29	5	46	4	28	53	2	21	6	122	237	8	1	7	32	32	3	30	54	50	0	0	61	0
Rv3809c.glf	174	180	10	350	3	133	159	350	821	690	2155	1258	1868	911	1199	1267	2795	2495	2395	561	1503	547	420	1562	572	534	580	3176	500	819
Rv3810.pirG	606	295	105	674	12	272	1039	200	939	434	943	609	1022	1085	1303	1300	1373	436	1301	824	1025	1012	766	2427	895	1120	1021	31	1127	810
Rv3838c.pheA	0	0	0	0	0	0	0	0	0	0	0	7	1	0	0	0	2	1	0	0	0	0	1	0	0	0	0	0	0	0
Rv3846.sodA	0	0	0	0	0	0	0	0	0	0	0	0	0	0	0	0	0	0	0	0	0	0	0	0	0	0	0	0	0	0
Rv3859c.gltB	628	405	16	167	14	572	221	1409	3073	2178	6755	4277	7432	4772	6289	4216	4924	3918	5940	4052	5482	3698	3094	9956	4250	2976	1717	7015	2518	2322
Rv3863.Rv3863	0	0	1	0	0	0	2	0	0	0	0	7	0	1	0	0	0	0	0	0	0	0	1	0	0	0	0	0	0	0
Rv3907c.pcnA	2095	2967	518	7874	421	5441	3961	2647	5764	3028	7799	4605	7909	4165	4742	3126	4277	3597	4647	4825	6537	5031	5115	5054	4569	3359	2262	2615	5666	8507
Rv3909.Rv3909	264	1143	6	483	8	165	439	90	297	143	444	414	242	415	460	281	868	424	387	205	445	319	222	623	432	543	586	44	68	120
Rv3913.trxB2	11202	10253	1653	12532	1247	9930	11145	5450	12601	5223	12553	8188	5744	7891	5809	8666	9654	10914	8796	6174	10668	6471	5992	8166	5690	4947	5861	3912	2789	3199
Rv3915.cwlM	0	0	0	0	0	0	0	0	0	0	0	0	0	0	0	0	0	0	0	0	0	0	0	0	0	0	0	0	0	0
Rv3917c.parB	88	63	1	13	2	29	35	40	63	60	167	244	244	86	110	111	402	132	292	269	301	300	250	162	112	52	41	90	33	53
Rv3918c.parA	18	19	0	0	0	0	0	0	0	6	1	4	0	0	14	8	1	0	3	2	10	3	5	2	0	0	15	0	0	0
Rv3921c.Rv3921c	0	0	0	0	0	0	0	0	0	0	0	0	0	0	0	0	0	0	0	0	0	0	0	0	0	0	0	0	0	0
Rv3922c.Rv3922c	16	53	0	4	0	3	1	1	4	1	2	5	2	0	0	2	6	0	0	1	0	0	1	23	13	4	13	0	0	0
