Gene	Day0_1	Day0_2	Day0_3	Pre-treat_1	Pre-treat_2	Pre-treat_3	Pre-treat_4	Doxy_1	Doxy_2	Doxy_3	Doxy_4	Nodrug_1	Nodrug_2	Nodrug_3	Nodrug_4	INH_1	INH_2	INH_3	INH_4	RIF_1	RIF_2	RIF_3	RIF_4	PZA_1	PZA_2	PZA_3	HRZE_1	HRZE_2	HRZE_3	HRZE_4
H37RV_BC02	1484	133	72	503	1183	803	1382	146	385	219	223	305	526	270	324	142	136	120	177	81	199	191	266	250	503	413	130	152	211	127
H37RV_BC04	260604	16959	17228	44982	168436	147789	164073	38562	57309	20966	24764	60224	72842	27988	40426	12061	13621	12014	11867	24775	11593	15391	25821	28803	61088	81559	12600	20391	23350	16178
Rv0002.DnaN	4802	16802	29306	38873	2562	17420	24291	7319	17702	18696	15452	10487	9024	15600	9331	10698	20274	17309	18809	15286	19433	17956	19614	5092	7053	7571	14236	17896	10955	10359
Rv0005.GyrB	5	388	376	599	18	828	1559	99833	61136	34940	27141	8647	13580	16873	14919	3578	5966	5450	7681	7159	13022	12690	13987	4569	4069	1578	141	127	311	142
Rv0006.GyrA	897	36343	43658	59249	1292	26316	30336	37145	64507	54092	41193	23408	23311	35104	25956	23396	42090	33622	35397	21694	33549	29348	32195	3263	12075	17190	22678	22714	20577	24810
Rv0013.trpG	2303	927	5137	17728	2481	9786	7560	16341	19621	14217	13929	10750	8995	14399	7825	6066	13204	10997	7957	8702	10927	9742	8908	30794	23463	18867	13703	9753	17584	13776
Rv0020c.TB39.8	33317	40192	50285	65022	11183	32541	14753	11142	27678	27362	25882	18829	18564	31537	19121	17662	26483	23977	14977	16684	17468	15234	18823	17062	11901	22672	29999	46027	27228	41450
Rv0023.Rv0023	36	150	658	350	26	124	121	2251	2657	1689	2265	1282	2000	1523	2530	554	529	821	529	1113	2758	1861	2147	182	228	590	267	82	90	177
Rv0041.leuS	38	4253	23	2647	245	267	1816	2202	4032	985	1486	2209	2397	1487	2020	682	706	1183	381	1967	7774	6574	3361	15	11	229	4	129	5	145
Rv0046c.ino1	76	1233	709	178	45	47	200	5903	5390	4632	6189	4871	4744	8420	6919	5475	10964	6524	5969	6606	8201	7414	6033	1668	3942	1526	231	426	1114	940
Rv0060.Rv0060	67	1785	2332	1359	249	858	1730	9232	9717	8954	9556	6286	8067	10073	8287	4182	5159	5096	5763	5657	8690	10386	5978	5724	8273	5684	669	304	1104	1146
Rv0066c.icd2	1341	1471	829	580	280	725	361	1318	3420	1804	3264	3758	2928	4961	4527	3072	4223	2936	3632	2965	4127	4096	3200	854	166	1006	934	470	1824	1128
Rv0112.gca	588	2743	4763	10682	1656	5573	4765	13921	9246	8692	9201	7379	7326	9246	9368	7397	12861	8067	9044	7256	7489	5992	5904	13386	16619	13865	8135	5993	3873	5388
Rv0118c.oxcA	1478	2779	3279	9157	2598	4323	4328	8052	12146	10386	9972	6755	5622	10066	10158	6616	9697	6563	7826	8955	9772	7469	5531	13788	11604	19764	7653	7530	8855	9386
Rv0119.fadD7	1363	2094	2229	6245	1515	3310	3839	8647	8827	10203	8600	5370	4929	6975	8972	5393	7169	4725	6790	5935	7737	5552	6563	9114	10842	8718	8235	3239	5717	4252
Rv0127.mak	0	52	1898	351	30	34	34	8	4	23	11	15	12	53	35	998	3074	2323	1807	429	640	252	280	116	4	9	842	443	352	1051
Rv0164.TB18.5	1	201	34	95	8	10	2	124	323	197	454	498	417	677	645	427	340	720	260	814	1869	957	1212	0	1	15	5	0	18	28
Rv0198c.zmp1	1462	1467	3906	11045	893	6572	5518	11435	9081	11511	10690	7816	6411	8586	7005	7066	12897	7347	7993	6197	7972	9086	6416	11107	12890	19872	8521	9103	11653	8294
Rv0204c.Rv0204c	18781	1833	2758	8342	8676	9651	13456	7911	10928	7112	6899	7702	6121	8591	8203	6109	11275	7259	6740	6430	8853	5483	6576	12880	19684	16318	6949	4214	6452	6767
Rv0206c.mmpL3	15010	23070	35290	47416	7428	22103	24845	14732	29590	30054	22707	15964	11909	24795	17318	17196	24523	19569	23128	19958	28987	20017	22235	8214	9278	10513	17870	13988	13499	14230
Rv0224c.Rv0224c	1186	2138	2620	3391	587	1437	1225	4801	4508	3309	5010	3688	2782	5275	3307	3026	5491	5510	5089	5297	6490	3742	3960	1895	1358	4352	3914	3792	5575	2930
Rv0225.Rv0225	1649	892	2881	5578	1387	1531	2372	6918	6287	7133	7000	4202	4165	6840	3948	4384	6436	4370	4328	3602	5523	4320	2993	2025	10002	8468	4777	5188	5650	6658
Rv0226c.Rv0226c	1670	1400	2183	4679	826	2722	3254	5683	9089	4741	6521	3216	3052	4149	3899	3025	5517	4081	3416	3995	5538	4435	3200	8339	6606	11139	5778	2901	3577	2306
Rv0228.Rv0228	627	1352	3396	12304	1154	3141	2676	12277	7869	8886	10624	7864	6786	10244	9573	5454	10183	6651	6311	4839	5005	7200	6470	16629	13290	13325	6751	6297	8455	3325
Rv0236c.aftD	1320	1223	2134	3706	647	2086	2199	3471	4546	3180	3447	3120	2267	4458	2609	2925	4350	4352	6095	2863	4084	1601	2559	6313	2066	3593	5316	6241	5438	3135
Rv0248c.Rv0248c	3056	1195	2683	18229	3824	17391	9235	21710	6951	11868	8231	2745	4599	5987	2628	3470	4914	5008	3824	2922	3473	4283	4321	4496	29013	5463	8565	6739	6150	2762
Rv0260c.Rv0260c	3262	640	721	2935	301	2100	1556	1591	2676	2210	2931	2134	826	2507	1484	1682	1713	811	2789	1565	2690	1325	1512	1536	978	4027	1000	842	2577	2343
Rv0282.Rv0282	14	503	131	540	46	243	117	13288	8555	13980	11389	3889	5564	4567	3863	1266	3358	1872	2421	3458	3646	3300	3587	2162	1857	1076	186	87	47	143
Rv0283.Rv0283	485	816	1785	2218	485	1546	1023	2362	3278	2641	2954	2119	1763	2135	2518	2407	6092	2378	3263	2498	2511	2226	2000	10080	4162	4933	2254	4050	3656	4346
Rv0285.PE5	912	1266	2999	3777	1069	2535	2860	5282	5743	5568	6033	4250	3222	4953	4330	3953	10620	5563	6319	4416	4435	3720	4213	5564	4174	6489	6706	5505	5101	9081
Rv0286.PPE4	416	421	1620	2176	1964	739	740	832	2661	2946	2424	1584	1094	2237	1825	764	2026	901	1791	1448	1889	1005	1395	12265	7209	3426	2923	2634	771	1382
Rv0289.Rv0289	947	2306	2300	6383	1156	7633	3064	8653	11371	7067	7907	5625	9367	9262	8500	4103	8327	5141	8521	5210	10664	6704	5611	9468	21164	5542	9039	6678	9837	3868
Rv0291.mycP3	1499	644	2609	6420	1938	3749	4429	6496	9685	7383	8065	5527	5385	8005	5783	6072	6695	4306	7325	5365	6561	5785	6833	6897	11810	11291	6226	8083	7544	5761
Rv0292.Rv0292	1245	1359	2036	5274	802	5976	3263	10452	5570	7459	8517	4409	5297	6405	6821	4824	8490	4788	3158	4455	5804	4277	6090	9962	11378	7555	7102	10049	4384	5320
Rv0327c.cyp135A1	1031	476	3476	3618	1523	2440	2542	4527	4695	3659	5674	4059	5153	4514	5610	5924	7260	5218	9068	3994	5864	5042	5445	2651	8173	10873	4210	6895	10062	3693
Rv0337c.aspC	0	0	1	0	0	0	0	2	6	3	0	1	0	0	8	11	7	8	0	82	110	709	2	0	0	0	0	0	0	0
Rv0338c.Rv0338c	52	124	2	42	27	35	26	817	478	447	508	298	586	269	705	53	55	170	119	288	994	963	544	11	31	19	10	3	1	6
Rv0347.Rv0347	1838	2127	3666	7705	1116	2833	2811	5391	7528	6768	8778	6031	6713	8875	6127	5119	10604	6531	6902	6935	8146	7561	6230	12912	14260	11316	8340	4134	5889	7037
Rv0351.grpE	1	6	1	2	2	4	7	260	193	179	209	461	396	419	436	203	51	181	64	834	1218	2268	936	1	2	5	1	0	3	1
Rv0364.Rv0364	688	2363	1933	6342	1013	4778	5903	11495	11013	9211	7291	6181	8114	8833	7365	6233	11471	7158	6280	5084	8989	7057	6217	8289	9289	9925	5354	5979	5762	4460
Rv0373c.Rv0373c	1889	2514	4685	9082	1752	4097	2315	8201	10353	9920	9939	8142	8067	11294	10677	10644	17814	8278	15349	8487	9345	8293	9365	16710	6378	17911	8954	14178	9445	10278
Rv0414c.thiE	30	1198	1948	594	32	633	921	17248	16099	13425	13893	9197	9074	12623	11875	7515	11722	7962	11232	9833	11890	10587	10443	2195	3084	3270	823	795	1819	2028
Rv0415.thiO	44	460	2331	1408	35	162	245	1817	1533	2062	2656	1612	1335	2596	2097	3100	7842	3901	3292	3017	5353	3615	3046	4062	1103	2299	3097	3250	3811	3474
Rv0417.thiG	665	12285	10075	753	99	845	163	7040	17955	14995	14161	11037	8600	17389	11870	13107	20604	18019	21088	14376	18938	13689	16251	839	617	1467	1641	1060	2180	2237
Rv0422c.thiD	13	345	178	85	8	55	83	6874	6930	5786	6594	5641	4983	6706	6716	3821	5367	3864	6253	5097	4566	8455	5551	598	257	483	77	22	47	59
Rv0423c.thiC	3	41	15	5	1	4	4	1014	358	593	809	628	606	716	805	573	529	795	586	1119	1509	2340	2115	5	2	32	5	2	9	6
Rv0429c.def	225	898	1844	614	107	925	905	7141	11496	5987	5802	4338	5468	7333	5258	4801	10424	4963	7376	3693	7969	3316	5912	1284	1122	932	827	748	703	918
Rv0431.Rv0431	8973	2011	2640	5327	5331	5108	4681	5878	6288	5305	5443	4562	5673	5791	5946	3979	8646	7868	5770	5557	7565	6418	4026	4623	7368	11388	2678	4687	6790	5302
Rv0455c.Rv0455c	1037	3269	4210	13197	1886	4422	5238	12142	12074	11550	11801	8117	10477	10150	10797	6774	12469	8944	11383	7311	10442	8426	8366	3327	17274	16145	5763	5358	3575	9421
Rv0489.gpm1	5088	17403	14565	10570	1018	8298	6140	17449	26690	22708	15978	13312	11355	19156	12469	9761	16813	12957	13458	12887	23511	16437	18114	2685	1935	2696	3454	4329	3839	5457
Rv0500.proC	0	0	0	1	1	2	0	19	22	27	24	58	44	37	47	30	8	4	11	67	180	325	101	0	1	0	1	0	1	0
Rv0504c.Rv0504c	832	1216	3763	3353	243	727	935	4289	3137	4852	5732	3191	2864	5606	3894	3966	5848	4530	5239	3788	3132	2807	2143	3922	681	4290	3780	2534	3049	2996
Rv0507.mmpL2	1541	2378	3103	8898	1913	6606	2472	6418	10593	6080	6751	6164	5172	6397	6872	3823	7879	5878	6425	5145	3480	6434	4786	7240	11862	6563	8922	3918	7871	7276
Rv0509.hemA	302	674	819	3932	692	2088	2415	1454	2251	1663	1409	894	940	1345	1404	2128	3362	2276	2588	1634	2387	1924	2583	2251	1538	3546	3200	1954	3665	2575
Rv0512.hemB	92	802	460	617	349	950	503	9825	9814	8805	7563	6789	7356	9242	10042	5385	7762	5610	8537	4226	9057	7887	8028	1298	1071	1539	190	105	186	389
Rv0524.hemL	14559	909	2798	7093	1318	4513	5271	8688	10491	11600	11445	9815	7560	9950	9000	11340	21401	11703	14518	7577	6072	5898	6954	3357	5980	12308	6045	7797	6640	6028
Rv0525.Rv0525	562	2314	3935	7442	705	3086	3163	6301	6061	7273	9362	3715	3759	5756	4995	273	403	388	186	3906	3632	4401	4612	7484	8734	9678	4931	3858	1454	4067
Rv0526.Rv0526	1416	1624	3027	7639	1631	3972	5387	6315	8131	6622	6508	5341	3504	5847	5140	3204	4459	4883	5674	3880	4814	4387	2686	5965	9505	9806	5054	2711	6804	5792
Rv0528.Rv0528	2542	938	615	3735	1055	5351	3527	6539	6978	10758	7097	3371	3970	6900	4125	5345	10216	3629	2963	3390	5569	3649	4521	6610	4857	6506	2428	1123	2971	2836
Rv0534c.menA	411	881	1541	4819	693	2671	1815	7563	4602	4989	4037	1973	1681	2967	2508	1948	2561	1869	1854	1994	1990	2486	2512	6780	15263	7893	4601	2901	3427	2276
Rv0542c.menE	290	1231	1687	4532	297	1273	685	2412	2261	3085	2660	2093	1871	3576	2391	1596	5603	2872	2138	1523	1594	1925	1846	2101	2134	6776	3752	1336	3181	1858
Rv0548c.menB	283589	358602	991720	753714	115977	318428	151598	49525	93742	227146	198116	424730	305871	561554	330106	643329	766258	806982	685524	535726	565221	449612	430106	92141	25125	284877	433553	465220	474582	482647
Rv0553.menC	14	167	217	43	28	100	53	3202	2665	2363	3446	2254	2416	3260	2420	1235	1406	1603	1849	3097	4436	3781	4121	104	227	280	77	44	19	33
Rv0555.menD	203	2504	563	189	992	494	1215	10982	9250	7205	6896	5892	6186	7599	5645	6756	6529	5490	3569	3893	3811	3179	5359	1534	565	1229	246	242	178	524
Rv0558.menH	36138	1263	3241	12410	19417	20509	8291	10169	9931	7330	7730	5452	8254	7187	5690	3510	4436	2831	4168	4460	5276	5169	4230	14262	11294	19024	3492	3309	4554	6141
Rv0636.hadB	39	1333	1424	1111	313	2275	2854	12124	12998	8466	7102	4191	5347	7291	4434	2758	6609	4828	5556	4317	5321	5898	4612	6267	4605	4689	3003	1914	2699	5528
Rv0640.rplK	2517	2523	4423	9986	1563	4898	5545	6047	6464	5702	4930	4076	3296	5581	3487	5793	9871	6124	8223	5293	5948	5080	7374	1432	3809	1834	8831	9181	7913	11637
Rv0684.fusA1	2640	2896	4546	7601	2028	3761	4268	8492	7718	8408	7308	7761	9398	10803	6706	7362	12502	7321	10506	7154	9342	8257	7026	12358	9986	23350	5067	3555	8250	9604
Rv0697.Rv0697	1014	1387	2933	6776	1706	3129	3609	7743	6209	7556	8034	4887	6020	9894	6141	7120	11791	8078	8342	5889	10786	6288	8177	8772	17021	10664	6868	12103	6625	8498
Rv0701.rplC	2	197	260	275	94	911	447	3712	2438	3224	3023	979	1060	1724	1534	1327	1722	1751	2915	1505	3163	1359	1690	1321	989	546	612	346	94	676
Rv0702.rplD	41	719	1241	4757	391	4420	5414	21137	16177	14750	9208	3398	5488	5904	6545	3012	6278	3813	5964	3996	4568	5614	4030	4464	6123	3305	4370	3857	5077	3282
Rv0703.rplW	2656	4186	7114	7581	1120	5392	4846	4809	8042	11723	9424	4110	2573	7327	4586	5909	11587	9401	9815	8679	11445	7369	7294	4351	3049	2935	6987	6964	8455	5530
Rv0706.rplV	2309	3626	3790	14543	3141	16272	11204	27444	25342	21210	18819	9472	14133	18279	12975	7413	9881	6945	10513	7538	12537	7035	9423	23609	49818	26013	9474	9195	8621	6858
Rv0707.rpsC	1099	1481	3425	3422	665	1116	976	5575	6975	7608	8893	4662	3946	9539	6394	6500	13145	7729	7558	9007	10550	5348	6148	1580	1368	3763	6392	6584	7575	6811
Rv0708.rplP	4	176	184	168	2	306	21	219	637	509	541	474	429	1010	723	1053	2566	1206	821	1401	1204	970	1064	0	91	771	865	456	1573	304
Rv0709.rpmC	0	2	0	0	5	1	1	48	13	13	6	2	4	2	6	7	4	1	0	4	7	29	7	0	0	0	0	0	0	0
Rv0716.rplE	1	260	35	605	39	2904	1627	4906	3402	2187	1748	569	779	1109	653	285	351	157	249	242	219	293	238	37	239	197	113	83	227	39
Rv0732.secY	60	905	1096	132	62	69	119	3360	3576	2853	3667	3821	3909	6343	6429	4420	5761	4704	4971	3690	4206	5231	4834	1518	470	1007	449	825	1063	1233
Rv0733.adk	0	31	36	10	0	4	7	242	272	234	490	507	533	610	317	178	145	398	106	322	757	348	374	12	0	72	5	0	3	2
Rv0780.purC	669	16309	5581	50	63	274	32	4122	7456	9708	9428	7682	7130	13107	7820	10520	14415	11748	16098	15759	21929	14031	16010	263	191	429	27	51	194	217
Rv0787A.Rv0787A	4958	40667	20313	9366	2817	15194	16139	50444	80757	89589	82944	55307	43535	84565	58173	40411	82792	49135	72973	55194	69489	64491	65016	17370	17760	44564	5830	5082	11044	15370
Rv0788.PurQ	185	1836	1250	253	116	560	658	8936	8630	6792	6963	6283	6039	7433	6701	3419	9121	5619	8108	5732	7187	6086	5547	5377	1556	3031	55	311	211	475
Rv0803.purL	467	1203	1883	2207	708	2307	1363	5850	6779	5958	8247	5335	5445	7067	6507	3916	7763	6699	6541	4538	7112	5774	4372	5029	7350	7713	1884	3549	2833	2515
Rv0808.purF	41	92	324	394	25	161	110	3672	2561	2408	1899	2817	1622	2442	2002	1297	1092	1820	1568	1674	2200	2400	1537	71	195	557	99	107	402	207
Rv0809.purM	250	185	262	285	498	217	89	641	968	910	871	840	867	860	631	1474	3092	1761	1675	958	608	612	562	80	45	602	896	1145	2610	1648
Rv0811c.Rv0811	2473	1505	2425	6280	1057	3126	3071	9107	8399	8133	7465	4535	5065	5764	5295	3499	3019	4497	6838	4687	4445	3595	3862	4179	11056	5988	3717	6140	3501	3799
Rv0817c.Rv0817c	1350	5861	25823	8829	594	1446	4103	947	1528	3664	3711	4542	2811	5845	4075	7038	16257	14184	11064	3613	4683	4218	5335	907	546	1181	4925	5475	7068	7700
Rv0824c.desA1	2192	1312	5005	16608	4187	5177	5219	16715	12167	10924	14704	11907	9978	14579	10219	7663	15886	6559	14242	10709	10495	13005	7101	25113	23417	13716	14334	11040	6270	4105
Rv0884c.serC	1	1	1	5	6	4	1	93	67	42	22	52	85	80	42	36	89	196	73	5	0	176	30	1	1	1	1	10	1	0
Rv0902c.prrB	146	1234	2963	1003	253	1845	1154	5954	5056	5910	4684	4618	5773	5659	5463	1887	3255	3075	3623	3760	4167	4036	3814	2624	3864	6494	1531	1863	2489	4686
Rv0913c.Rv0913c	816	1392	3207	7718	1242	1925	3089	4892	5905	4540	7090	4326	5333	6298	4937	4918	9740	4115	6020	3570	5001	3644	4356	4038	12316	8523	6685	8800	4755	4349
Rv0938.ligD	1077	993	3348	6574	1167	3197	4334	4869	8284	6830	6468	4409	4859	7263	6367	4512	10088	6376	8968	4069	4383	4590	4133	13999	6959	12817	9193	7279	6764	6190
Rv0949.UvrD1	66	1551	950	3502	353	1691	1878	10199	7113	7149	3906	2929	4518	6443	4938	3233	5211	3640	4757	2374	3543	5274	3760	4324	4133	4789	2110	2294	3376	1293
Rv0951.sucC	4469	1755	528	998	3046	11531	4188	23988	8343	12960	6307	4910	9191	8185	6366	4347	3503	3084	4135	3296	6294	5661	5078	1371	837	591	265	163	354	195
Rv0973c.accA2	1127	1116	2489	6466	1036	3889	3991	5407	7958	6368	6219	4194	4244	5031	5095	3447	7863	3083	6087	5142	5418	4015	3752	11865	11358	10997	7552	7715	6637	2973
Rv0974c.accD2	9778	7061	5528	6693	9758	11470	10014	5066	7906	4256	4561	3875	3861	2791	3501	5764	3607	3741	5131	2435	1699	1796	2026	1290	5584	7250	6857	2730	6517	3427
Rv0982.mprB	193	871	1275	1617	475	3062	5007	6950	17328	5292	4132	2930	6005	3607	4814	1714	1355	2022	1706	1531	2325	1985	2206	3415	1766	4541	1421	2032	445	585
Rv1005c.pabB	43	1025	1566	686	96	477	345	4102	3234	4278	3325	2166	2108	3035	2562	1567	1821	1831	1603	944	1973	950	1076	2785	329	1627	1126	348	1728	1044
Rv1015c.rplY	705	373	471	84	5	37	42	447	439	481	568	1116	856	1069	1056	1878	3097	2889	2162	1119	1448	763	704	182	145	2004	603	1135	1322	800
Rv1044.Rv1044	46	615	1592	1326	119	888	635	2732	1586	2243	1679	1109	1136	1798	1820	1209	3167	1932	2207	1502	1258	2532	1274	4516	1241	991	666	1237	4164	628
Rv1076.lipU	396	511	3250	4925	344	2205	3637	3328	5239	4839	5978	3254	3066	4606	4732	3207	6862	3487	5098	4403	4647	3535	4655	8554	9407	4785	8629	2736	3842	4259
Rv1078.pra	8914	2195	6530	6496	3250	3307	3503	5405	12610	7785	10544	9396	9024	12248	7882	14685	15318	10512	9512	4404	4953	2953	3792	11535	14640	18187	12509	11823	16305	12524
Rv1094.desA2	725	296	430	3396	937	3372	1794	8392	6962	5843	7032	4174	5845	4414	3682	1968	2891	3068	2029	3334	5330	5068	6466	8754	10596	4004	3896	1134	2907	2259
Rv1111c.Rv1111c	139	1044	203	786	172	1264	955	867	1007	460	501	209	419	327	350	216	225	165	112	105	258	102	511	0	1296	605	152	1	476	22
Rv1122.gnd2	104	133	1144	368	20	7	3	226	324	374	502	215	155	256	252	201	95	106	111	649	657	1360	1443	0	46	193	81	133	111	37
Rv1133c.metE	83157	43933	51112	25226	16605	46410	26925	43074	67481	62107	43330	30150	31802	48948	36871	31044	36549	35746	31936	33304	36901	29802	39105	20779	31421	27961	19388	19976	22573	22560
Rv1177.fdxC	0	7	43	0	2	4	2	327	144	153	185	77	75	85	158	63	92	133	174	517	786	1440	902	0	1	8	1	1	2	8
Rv1187.rocA	972	1083	2198	4862	550	983	2475	5999	6100	3842	4455	3222	3062	4051	4827	2856	2700	2024	3202	4205	2332	4386	3998	3859	13942	6877	4164	5787	4922	5430
Rv1201c.Rv1201c	0	0	0	1	0	2	0	52	36	16	20	32	41	13	48	15	2	25	0	95	145	278	49	0	1	0	0	0	0	0
Rv1202.dapE	14935	37715	27553	16353	9308	24806	13769	36386	60390	60703	51723	38780	38510	45906	39569	32571	61752	42738	49675	37901	39610	41837	42106	17954	34776	35824	19518	18387	27729	26681
Rv1208.gpgS	62	106	204	535	73	296	501	4167	2157	3278	4063	2483	2636	3709	3281	3473	4038	3891	3107	3644	7024	4775	3334	215	299	437	708	1373	465	950
Rv1240.P38-mdh	0	5	13	12	0	6	6	13	11	36	27	10	17	22	10	25	68	21	35	10	27	15	18	17	46	28	11	39	20	33
Rv1254.Rv1254	2184	2570	1187	7152	1145	2668	2809	5601	4121	4625	5751	3684	4808	6109	4924	3393	5779	4061	4121	4133	3756	4780	4733	6250	9666	4924	3016	2738	6925	1662
Rv1293.lysA	2	0	1	0	4	7	1	152	42	45	66	50	72	58	189	17	21	12	12	112	195	566	204	1	0	2	0	0	0	0
Rv1296.thrB	0	19	13	11	0	13	17	2022	842	618	631	234	258	472	402	116	87	239	59	174	711	422	368	0	2	9	3	6	4	0
Rv1299.prfA	1	91	129	1048	564	2871	2058	11316	11934	6497	8363	3293	4273	4629	5932	1014	1315	1338	1613	2540	4377	6377	2910	229	211	186	158	23	34	18
Rv1300.hemK	96914	27590	32990	63000	40427	88249	115708	27729	66239	38288	32059	24010	20834	33651	24371	15834	29162	20467	17576	17901	23211	16868	22662	9324	9695	15885	14320	17498	13446	12657
Rv1304.atpB	230	785	2033	3840	198	1581	3456	3438	2194	3608	4502	2080	1768	3790	3698	2621	3769	2470	3014	1705	3891	3399	3293	9044	3190	3303	4643	4268	2098	2096
Rv1306.atpF	2	3	10	5	5	0	2	1569	1275	1197	1555	858	783	1335	1500	303	201	416	313	891	2029	2262	1226	4	36	9	0	1	2	2
Rv1307.atpH	34	1552	2229	7805	280	2855	1408	5513	7532	5861	5336	2607	2088	6003	4323	3329	3925	5089	4574	2621	4924	4576	3170	7556	5255	4517	5683	3104	3558	2413
Rv1308.atpA	0	0	4	1	0	3	0	401	287	398	555	552	502	618	802	136	78	171	120	685	2037	2860	1181	11	13	9	3	19	0	1
Rv1309.atpG	1067	1871	2891	8629	1379	4547	3499	6805	10093	9048	9393	6893	7229	9644	7055	6788	13138	11486	10278	5648	9186	7744	7252	6159	7896	8756	10388	8936	11829	9531
Rv1315.murA	0	0	2	2	3	6	1	169	183	89	109	63	64	82	74	25	13	23	37	63	111	442	86	0	1	0	0	0	0	0
Rv1326c.glgB	146	1098	969	280	120	409	194	3710	4592	3700	4242	3156	3086	3269	5107	6326	9106	7706	7861	5867	7177	4597	4624	1060	1468	1550	1337	1696	2772	1868
Rv1339.Rv1339	1	110	586	0	3	0	0	22	36	1	9	11	6	19	6	15	74	211	0	19	74	7	5	0	0	0	0	0	0	0
Rv1342c.Rv1342c	812	1197	2369	4240	834	3106	2820	3537	4387	4847	4184	3191	3952	5412	4232	2863	5305	3212	4335	2460	3018	3204	3337	507	1310	5211	4824	2291	2294	1696
Rv1343c.lprD	928	2701	4771	8020	956	3314	3017	7341	8550	6769	8589	5673	4416	6897	7931	3941	4865	4359	4265	3469	4636	6048	3985	10185	5168	10701	5420	5830	2941	6642
Rv1348.Rv1348	395	1984	3312	3084	586	2437	1870	6954	7812	7211	6850	4532	4552	5102	6702	4422	11306	7425	10465	4949	5213	5719	5841	3849	6612	8222	5754	5434	7346	6411
Rv1380.pyrB	0	6	0	2	5	1	1	134	91	50	69	69	70	86	130	20	10	4	6	98	224	426	95	0	1	0	0	0	0	0
Rv1384.carB	28	23	64	64	3	7	11	4038	3443	2589	3346	3262	4099	4110	3801	672	586	792	678	1926	4665	4447	3515	124	2494	297	2	19	0	1
Rv1406.fmt	58	213	891	440	96	198	410	1953	2016	2031	1791	1728	2048	2251	2508	2547	3678	1633	1937	3107	3808	3544	2613	2410	991	1144	1173	964	1450	1179
Rv1420.uvrC	103	390	1681	514	15	62	161	925	523	925	873	859	409	1393	1091	3092	5403	3890	5929	2470	1961	1746	1481	395	343	558	1352	1740	4127	2627
Rv1449c.tkt	3	302	321	122	13	207	64	3129	5730	2387	3096	2320	1708	2299	2104	1994	3521	2008	1868	2093	2102	1874	1724	1041	730	356	98	74	139	23
Rv1456c.Rv1456c	865	1612	3957	7817	703	2975	2610	7494	5571	8540	5692	4930	4003	4551	5345	3644	6882	4264	4993	4409	6542	4692	6234	5796	7599	10856	4266	8035	6591	3935
Rv1457c.Rv1457c	268	414	364	7206	4366	17896	10574	5785	2046	5137	1812	275	479	306	458	186	75	135	98	53	67	73	45	393	2063	745	219	1	883	4
Rv1459c.Rv1459c	4334	16163	15588	33357	3336	13504	18083	12900	22178	26024	16641	11476	8484	13604	11007	9661	15191	10753	11703	11194	12676	11757	10929	3897	6645	9310	9303	6703	6947	7361
Rv1462.Rv1462	105	1129	506	203	183	760	219	14394	13952	11078	9439	5391	5575	5135	7196	3146	4469	2991	3043	2766	2833	4238	3862	3918	2243	1481	121	61	104	58
Rv1463.Rv1463	2	176	8	26	60	56	30	8798	3016	3912	3935	2506	2542	2724	2424	363	84	654	177	1861	6614	6985	5235	14	19	18	10	0	0	0
Rv1464.csd	1395	2340	1261	2227	1571	3114	1604	61838	30894	27702	20507	12184	13649	11282	12132	2891	4938	3825	5942	6836	8241	10400	12067	3014	14424	4813	3074	2462	861	887
Rv1465.Rv1465	4067	2310	4324	22243	5897	15557	7630	37815	35342	32468	21563	9995	12782	14491	14257	4199	6938	7746	8103	7751	9034	9342	9526	17708	56113	24994	9314	10562	7292	5052
Rv1475c.acn	410	3142	2191	1696	525	2760	1920	7695	11433	12378	10355	6167	6223	11357	8152	5900	6904	4426	6522	5606	6708	6786	7053	3202	9775	3813	2373	3000	1748	2339
Rv1476.Rv1476	1514	1116	2202	2161	660	1808	1136	3876	4642	4388	4284	2959	3176	4607	2937	2912	4922	4202	6147	4175	4058	4258	3295	3729	5537	4919	4751	4542	2214	2099
Rv1479.moxR1	1	246	45	122	30	170	228	334	486	264	302	337	267	336	617	170	95	137	242	381	933	890	352	4	3	85	310	0	3	132
Rv1480.Rv1480	2008	3011	3623	10722	2359	6023	7400	12115	16570	9564	9818	6799	8979	10358	11130	5293	9529	6250	4757	7050	9523	7368	8293	14481	18439	16867	6914	3042	7449	4250
Rv1485.hemZ	164	224	179	1108	176	322	588	3230	3600	3515	3818	2730	2260	3906	3124	2096	2410	1577	1819	2598	3628	3226	2667	1859	627	1081	850	763	1124	674
Rv1490.Rv1490	632	1680	1617	4720	1176	2338	2334	4781	5135	4611	5265	4132	5037	5210	7401	3439	5675	2759	3182	2583	3866	4012	4497	7880	9409	5731	5053	1281	4194	2936
Rv1522c.mmpL12	1689	1346	2828	6778	1472	3468	2672	6256	6645	6766	6015	4719	5747	6809	7022	3991	5795	6292	3240	4459	4943	4432	6193	9572	10464	11952	3929	2817	5669	4708
Rv1525.wbbL2	1066	654	2763	6220	1243	2891	11442	8094	6258	6087	6567	4633	6023	4983	6496	2942	4448	3379	10858	4801	3341	4514	4019	7551	12911	5595	5889	2988	7351	4007
Rv1547.DnaE1	8	3338	4144	1876	37	438	326	3604	7111	7013	4180	3687	3276	6122	4367	3367	6592	3644	3837	3463	4701	6417	5193	410	619	1189	1283	422	1010	1612
Rv1576c.Rv1576c	2315	1111	2350	4628	1135	2429	2236	7346	3920	5462	6463	4708	4414	9020	4977	3757	8708	4647	5536	5306	5790	3423	4581	7512	7688	8928	5144	5408	5346	4179
Rv1595.nadB	43	325	165	65	42	110	102	3926	8981	5683	5886	6802	11333	8486	9628	5267	6164	4968	3706	3282	3502	2422	2032	101	244	432	37	27	61	100
Rv1596.nadC	871	2529	2527	4676	844	2423	1618	7072	8256	7173	7356	4470	4437	7143	6857	4774	6312	6184	6886	4323	6159	5193	4046	9868	8906	7712	4609	2933	6323	3623
Rv1599.hisD	27150	42904	48779	99274	14050	42368	33650	24166	44864	51656	42256	30347	26043	47195	32663	31985	44855	39716	36811	33619	40440	31067	36714	9777	17828	24195	28559	27067	26669	29663
Rv1600.hisC1	126	167	82	80	141	95	488	7061	7186	4937	6510	4561	4401	5796	5896	1425	1189	2761	2010	2789	4505	6341	4251	16	1472	116	41	136	39	36
Rv1601.hisB	586	924	4443	6905	531	2070	2281	6303	6941	7736	7124	4961	4437	6183	6938	6806	12297	6793	8810	5226	6058	5375	5918	11946	6353	5713	9371	8305	3497	8766
Rv1603.hisA	0	1	0	0	0	1	1	146	173	120	138	131	137	95	285	17	13	44	19	84	290	290	168	0	1	1	0	0	1	0
Rv1605.hisF	0	61	82	31	4	27	109	4255	6294	3386	4543	4169	2470	4917	3460	2705	2329	3390	4099	2883	3865	6007	2977	478	75	180	133	26	27	32
Rv1606.hisI	857	960	1408	4619	592	1477	3825	3950	4678	2559	3756	3336	3345	3306	2232	2549	3368	2453	2327	1965	2708	4480	2925	90	3755	5152	3084	6210	3577	507
Rv1609.trpE	1	67	20	11	1	30	16	553	1002	456	621	648	988	780	1266	249	109	166	130	560	1712	1778	1350	49	52	74	1	7	5	3
Rv1612.trpB	26	682	1223	413	94	703	785	6342	5598	7462	7174	4042	4560	7154	6709	3397	6406	3723	6557	4250	5580	6603	4389	2590	4120	3601	627	805	2711	815
Rv1614.lgt	401	1100	1434	5304	381	2008	2295	5540	7081	6947	4829	2673	2629	3647	3757	3780	5167	2564	8603	3312	5270	4373	3777	4042	1020	5389	3437	4485	608	2438
Rv1629.polA	455	1210	1893	6162	145	2456	3202	6771	4957	8276	7620	3638	4610	6935	4244	3727	7422	3788	3811	3144	6942	5152	4961	3764	10026	2893	5107	3996	6864	5206
Rv1631.coaE	11956	21367	18356	34393	5066	19272	20845	12923	22877	22361	16491	12631	13034	17346	12268	14502	17930	15445	15639	9639	11969	11931	14874	11952	7853	15375	11394	10363	12046	14518
Rv1643.rplT	60	552	1555	867	97	744	283	2111	2843	2872	3071	3075	2636	3600	3438	2734	3309	3169	3844	3364	3283	4420	2441	6573	2689	2410	1791	3387	2491	2015
Rv1653.argJ	0	3	48	198	2	12	15	579	330	216	429	89	53	115	116	97	178	343	131	161	217	250	261	176	18	85	84	63	27	190
Rv1654.argB	2	13	13	21	1	6	11	1021	1229	878	1142	815	765	949	1301	334	367	420	462	987	1476	1825	1008	15	2	48	32	11	7	4
Rv1655.argD	373	1321	1154	1185	394	941	1391	4807	5994	3926	4386	3268	3755	4436	4457	2723	5162	3570	4463	3407	4216	3473	3377	1422	3436	8533	2044	1981	2302	1891
Rv1656.argF	968	260	2473	2042	296	1519	1012	2799	3244	2712	3756	2944	2582	2850	2563	1855	4383	2049	2285	2432	2151	1561	2467	2412	5795	3903	2585	2215	2160	1359
Rv1658.argG	0	10	0	1	0	5	1	11	2	25	61	2	9	15	8	5	18	15	4	53	119	312	247	0	0	0	0	0	0	0
Rv1661.pks7	1709	869	1691	3231	779	1775	1782	3793	3837	4842	3966	4339	4001	6528	3661	5004	6970	5048	6447	4622	5963	3958	4008	4065	7180	6912	3703	5401	3924	4711
Rv1683.Rv1683	0	77	172	75	64	50	0	29	19	60	27	25	20	67	59	82	21	174	250	425	222	294	132	0	0	46	20	14	0	79
Rv1689.tyrS	4	697	49	51	8	44	55	3562	5184	4234	5361	3970	4568	6181	4379	2322	1732	2473	2575	3925	8279	5042	4351	53	64	149	29	259	25	43
Rv1695.ppnK	965	1257	2688	5479	990	1864	816	1148	1705	2161	2848	3436	3286	4960	3755	6360	9244	8589	9390	7794	7214	11377	8582	1461	2940	3317	5568	8972	5492	5566
Rv1699.pyrG	163	312	2493	1913	156	389	512	1762	2127	2912	1973	1640	1268	2042	1707	1081	2143	1818	2653	1834	3791	2921	2444	1798	1316	2656	2265	473	1803	1427
Rv1711.Rv1711	17	238	349	1707	77	4425	2192	4666	3401	2067	1882	390	490	667	700	412	699	806	491	527	881	1092	605	333	392	133	431	285	836	281
Rv1712.cmk	23049	34982	31082	57002	10916	30033	30435	17183	34296	30839	29044	21407	23955	29711	20897	16470	26161	24055	22167	15729	19349	18199	20208	15587	17629	20164	17403	22347	16081	14776
Rv1783.Rv1783	3	2882	140	21	8	20	13	1851	437	544	558	609	379	525	563	865	754	1546	1020	1800	3384	6082	3113	40	16	30	114	14	15	54
Rv1796.mycP5	475	1218	3588	9601	2146	5018	2310	11617	7973	6449	5922	4166	4212	6011	5259	3219	5250	3818	6560	3962	4863	3735	3655	12942	3956	6669	6697	8175	3193	2992
Rv1797.Rv1797	17	679	248	332	34	181	55	7192	4145	5022	4952	4202	4162	4831	3944	5209	6143	3616	6045	6384	10271	8224	8250	180	237	173	89	69	50	146
Rv1822.pgsA2	4618	4469	4964	8868	2180	5194	4834	6730	4971	7626	6089	7336	7167	7364	8203	4659	4887	4888	7586	5082	4222	5302	4509	2975	11753	14869	4052	5364	14305	7766
Rv1826.gcvH	29	750	137	266	21	925	465	3181	3203	3702	4210	2034	2852	2730	2753	1145	2089	839	2394	1436	1818	2904	1668	507	1674	394	165	77	262	163
Rv1828.Rv1828	468	606	1313	8725	716	2309	3686	5581	6658	5863	4211	2575	2854	5010	4577	3475	3834	2826	4360	3780	3554	3136	2902	10433	8602	4897	4183	3817	3798	2657
Rv1832.gcvB	1724	2452	3722	8639	1201	5444	3232	10023	10029	12087	9883	9223	9155	10216	10988	5816	8837	8827	8423	5281	8081	6754	6617	22154	24851	15285	7320	4498	8904	8997
Rv1836c.Rv1836c	2617	1038	2711	1101	1572	466	846	39	247	155	391	1407	1366	1000	951	4454	2814	4775	2429	1245	1520	791	1667	182	357	624	996	2178	953	2088
Rv1854c.ndh	394	2506	98	10	34	20	2	475	301	701	995	1389	1128	1492	1360	3279	1357	3408	1481	4105	10289	8043	7579	3	6	56	38	14	4	15
Rv2006.otsB1	2038	1285	2599	10654	1360	4010	3461	8256	12377	7560	7909	6055	7143	7925	9635	5626	6699	5615	5696	5122	6736	4764	6655	4682	19579	14309	10973	6714	3847	6402
Rv2017.Rv2017	6	297	11	35	20	28	41	3008	3908	1776	2320	1669	2441	3158	2584	70	28	261	75	651	3720	3274	1532	16	6	58	3	553	0	2
Rv2050.Rv2050	0	2	27	2	1	7	1	91	24	105	42	36	23	64	16	83	116	36	22	30	44	15	2	0	2	0	1	0	4	1
Rv2051c.ppm1	32	263	296	512	22	230	269	1909	1142	1176	1598	933	842	1594	1244	451	682	1002	439	1247	1493	1002	1059	605	964	731	458	225	123	437
Rv2093c.tatC	0	0	1	0	27	0	0	17	147	11	120	0	38	0	0	0	0	0	0	14	0	0	1	0	0	0	2	0	0	0
Rv2138.IppL	583	1425	3085	8503	799	4250	3478	7304	9241	9678	9351	4735	4406	7199	5384	4464	5179	2944	5437	3629	5063	5191	2983	5616	4500	10651	6014	5132	4674	3683
Rv2139.pyrD	91	1521	2798	998	189	1572	893	9116	8840	7802	8203	5190	4357	7573	4887	4101	6060	5235	7472	4508	6430	4865	5969	4409	1669	3962	2283	3408	2184	2257
Rv2145c.wag31	30	91	413	1500	122	574	509	1892	1625	1588	1389	538	497	1269	702	953	1197	1103	875	605	351	1129	1010	2328	1755	1476	993	870	2625	1071
Rv2154c.FtsW	9286	16756	37691	59654	4641	21624	21882	16290	29141	33833	28986	14749	11680	24131	13598	16613	29072	23681	22882	17351	19095	14033	20710	2918	14895	14664	17683	21431	17945	20629
Rv2155c.murD	1	0	7	3	1	2	0	58	59	59	89	80	78	121	94	16	15	23	15	76	275	371	129	0	0	3	0	0	0	0
Rv2156c.mraY	0	8	206	45	2	6	6	28	12	59	27	90	12	72	31	204	415	632	622	186	240	160	226	3	0	4	133	216	321	333
Rv2158c.murE	1	6	1	2	8	7	8	71	146	61	128	191	118	292	129	139	49	78	62	438	1588	1061	840	1	4	6	0	0	2	0
Rv2172c.Rv2172c	32320	33169	41625	52490	12138	41706	38466	28229	52601	50169	39284	28053	21939	35574	26706	29076	37940	36649	29168	27265	30498	28298	28896	17771	19469	21587	21553	18968	20075	28058
Rv2174.mptA	1628	2800	6602	9484	1556	4376	14595	11424	14203	10080	12673	10565	10273	15077	11274	9255	20156	9495	15324	9396	11608	9068	8834	13289	25582	17158	15745	17898	22213	11822
Rv2178c.aroG	1	2	3	4	9	4	5	267	381	318	358	504	562	658	706	295	151	414	202	556	1531	753	1298	1	4	11	1	0	1	1
Rv2182c.Rv2182c	295	2221	2480	5767	375	2703	1379	9340	8593	9205	9638	5757	6048	7830	7831	6156	8802	6738	8119	6594	10070	6542	5484	15728	9955	9641	6528	6599	13328	7333
Rv2190c.Rv2190c	2696	841	1316	2431	1282	3047	1815	1074	3140	1371	2440	1491	2095	2921	2234	1794	797	1922	1292	747	1604	489	626	2665	4100	4146	2300	506	5276	1806
Rv2194.qcrC	1693	614	2329	4784	657	4690	2244	5864	4540	3991	3771	3735	3661	5064	5275	3177	4342	3191	1866	3526	2150	4599	3633	6304	11512	7755	2254	1414	2767	4051
Rv2195.qcrA	1393	1302	60	5602	4631	16023	9896	11557	10223	10410	6692	2637	4304	2448	2851	2127	1559	1484	2282	883	2758	2719	1754	6048	5104	3080	770	1069	404	4
Rv2196.qcrB	695	1337	78	1122	944	8635	3294	22711	6718	7995	7108	2569	3224	2248	3212	1297	695	1379	867	1441	2725	2204	1997	1072	3394	582	272	254	336	153
Rv2198.mmpS3	332	370	588	910	427	208	421	1394	1335	905	847	947	1387	848	668	528	1220	510	1404	584	467	433	856	0	6079	1174	379	1299	602	86
Rv2201.asnB	1	167	156	70	14	13	38	2426	2304	1005	1151	2529	1369	2433	1826	1076	1466	614	1855	1148	4915	3751	2508	196	68	171	38	28	24	137
Rv2210c.ilvE	0	9	9	1	4	6	4	801	663	495	975	584	1094	1081	1099	412	163	435	204	1179	3178	3164	1931	3	6	39	2	6	1	4
Rv2211c.gcvT	1173	973	2492	7761	2040	3689	2813	7294	6719	6332	7252	5153	6199	6548	7556	5444	9568	4615	7034	4220	4767	4862	4888	10106	9479	9679	6957	3222	6026	4448
Rv2217.lipB	215	156	389	2301	278	1198	867	1866	1208	2738	3082	1696	1194	2373	2415	1688	1137	2452	2194	1370	2452	1501	1298	3319	3774	4152	1410	611	1369	1726
Rv2218.lipA	115	1062	1334	2135	123	1784	985	4094	5678	4933	6369	4091	6866	4830	5145	3098	6894	3400	5972	3799	6382	5047	3735	6620	4414	5013	2407	1218	2009	3062
Rv2225.panB	11211	16641	17947	30773	3557	10633	7423	4866	10963	14004	12158	10824	7465	17112	10213	18633	27137	18119	20683	16661	19212	13783	17772	2722	4629	7175	13966	18109	12177	13392
Rv2228c.Rv2228c	19	1238	2335	790	132	420	1785	7596	8708	5703	7174	4053	6736	7200	7801	3658	11877	4839	6857	4431	7807	5147	6520	1080	3782	4805	1403	1164	2540	1423
Rv2235.Rv2235	635	1602	949	7716	1574	5513	2932	6214	5356	9178	8772	3908	4185	5820	6085	4863	6745	4237	6991	4037	7872	4965	5670	9596	8586	6734	3245	3041	2520	2416
Rv2241.aceE	824	968	1377	2245	1867	3385	1892	8666	13284	7354	7368	5307	5328	6639	5129	3554	7154	3980	5410	4224	7710	5159	4924	6524	9702	3207	2048	1230	1539	1051
Rv2242.Rv2242	48	4423	6813	148	12	36	74	94	126	551	568	728	355	1138	664	2550	4648	3298	3763	1880	2976	1637	1782	2	1	163	300	176	315	305
Rv2243.fabD	1944	708	585	2163	676	3737	1852	3242	2700	3466	2844	2840	2210	5221	4147	3203	6847	4212	4808	1719	1534	2859	1764	4050	4412	2794	2289	1253	1261	2285
Rv2244.acpM	0	219	761	259	10	389	401	954	628	613	843	576	725	1045	452	418	546	459	1423	227	666	228	108	0	757	669	814	504	242	122
RV2245.kasA	17	26	28	10	13	12	6	17	79	79	44	56	22	34	89	70	153	43	10	93	197	36	35	63	17	13	18	29	0	0
Rv2246.kasB	129	294	193	323	92	61	170	308	417	596	362	488	161	391	201	347	160	241	321	295	49	173	201	1612	159	158	270	48	62	387
Rv2339.mmpL9	829	1177	2191	6253	853	3914	3077	8202	7368	6085	8554	5302	5021	6788	7949	3466	7087	5179	6415	5105	6987	5258	4067	13025	4672	12187	7104	5385	4857	6495
Rv2343c.dnaG	1	3	2	0	2	1	2	9	21	2	2	2	20	1	2	2	1	0	0	0	1	1	2	0	1	0	0	2	0	0
Rv2399c.cysT	7426	14781	17179	56174	6359	24300	44951	27096	40474	28531	26966	8267	6340	11630	8555	7942	13511	8782	7926	7164	9054	8097	10118	5892	5405	6179	8678	7076	7235	6942
Rv2413c.Rv2413c	6	18	469	83	11	60	49	609	567	984	844	539	469	1072	835	1798	3125	2334	3079	2232	2442	1718	1174	190	47	335	214	250	359	287
Rv2440c.obgE	82921	995	1288	2311	7534	1731	3683	6150	6124	2851	2812	1873	2368	3100	2738	927	808	1552	627	870	1737	1992	1722	47	29	370	70	262	1872	16
Rv2441c.rpmA	539	1797	2519	7437	1287	3829	3111	8336	8102	6479	8427	5369	6210	7585	5988	5517	9551	6204	6758	5441	4829	5869	5386	7394	15371	13027	6540	5052	3796	4800
Rv2444c.rne	0	0	0	89	3111	471	3109	1086	1345	140	62	269	133	74	126	86	1	10	112	40	1	8	371	0	0	283	0	0	0	100
Rv2454c.Rv2454c	93	476	1596	825	84	524	379	9330	7328	9257	8098	6738	5408	10320	8267	6882	7191	5699	7556	7935	8551	8444	6834	2565	1466	2720	828	398	815	581
Rv2455c.Rv2455c	13	138	168	103	9	22	33	1371	1072	1616	1856	1520	1485	1563	1886	705	596	521	846	2447	4734	5004	3108	72	113	284	110	110	235	168
Rv2457c.clpX	0	10	5	22	0	6	132	1237	94	355	289	36	52	104	27	79	209	46	107	153	375	244	272	0	0	3	38	89	27	0
Rv2477c.Rv2477c	14	358	108	719	31	2386	1506	70235	40239	23893	22345	10321	8517	12556	11573	1781	3590	4851	4780	2861	6539	10111	5219	725	1091	495	206	171	152	165
Rv2500c.fadE19	1299	2660	4114	8379	1186	5912	3601	12251	10491	9380	8767	6705	5781	11171	8259	6809	18898	7909	12249	10142	8670	10315	6423	10115	13133	8420	8555	14195	12514	6719
Rv2507.Rv2507	4	2	52	689	162	63	144	41	134	81	97	80	197	57	367	78	302	29	55	0	2	58	13	0	0	44	39	704	0	553
Rv2509.Rv2509	472	1408	1915	7589	1041	2885	1833	7689	5602	6929	4869	5067	4823	5865	4795	3179	8164	4521	7493	3942	4702	3507	3879	4891	5253	10073	5235	3227	4315	1712
Rv2511.orn	8	47	211	11	1	2	6	128	210	340	353	517	141	406	588	835	1327	892	445	995	1447	1336	862	2	2	21	20	12	37	27
Rv2524c.fas	6904	1561	6104	13590	7496	5277	8424	4806	5888	5971	5993	6090	5789	6260	7135	3479	7720	7484	5509	7745	9298	7106	9157	11866	6519	16394	9259	8843	10197	6841
Rv2534c.efp	0	38	20	27	0	15	21	748	537	431	266	134	181	202	262	91	108	92	74	89	85	201	129	30	25	48	33	49	28	58
Rv2538c.aroB	3084	26690	7510	1810	955	5347	1842	21881	45290	31897	26131	21478	26034	27846	20981	18582	16968	20991	16666	19196	24154	15249	19600	1684	1916	4646	1282	752	1706	1990
Rv2554c.Rv2554c	24	258	829	2405	180	668	533	3395	2057	3684	3403	1248	1025	2303	1792	2051	4218	2475	2224	2870	3311	2474	2167	1746	2099	2073	2120	3113	763	2779
Rv2581c.Rv2581c	1180	985	2297	2802	596	1991	2049	4843	4130	3774	5593	4566	3925	7345	4796	3485	7809	4556	3956	4351	5451	5044	4707	10957	4362	10524	5874	5876	3259	4454
Rv2610c.pimA	5540	62525	69245	18829	2003	10212	8199	11842	27035	33295	25271	22758	19299	27539	20805	19401	27066	27159	26000	13724	21472	18615	20391	9142	11753	9128	10831	10153	11660	18503
Rv2673.aftC	10069	20835	34551	43692	4174	17222	15418	13209	27049	24779	21859	15416	13867	21520	15970	17196	20353	21347	20359	17488	19720	17843	16934	9797	12064	11570	17618	13509	13548	21335
Rv2677c.hemY	787	1406	1978	6196	443	1512	2524	3806	5266	5489	5391	3737	2866	5092	4644	3751	5380	3126	3303	2981	5458	2953	3877	6587	1310	6430	1369	2100	2715	2816
Rv2678c.hemE	62	333	167	52	8	74	34	5042	4329	3983	5740	3018	3844	4919	6121	2524	2796	2746	3312	3642	5443	4387	4649	504	175	257	52	12	28	52
Rv2747.Rv2747	1	61	21	8	2	72	21	1402	2053	2011	1921	1073	1349	1215	1801	757	1088	1010	518	1459	1907	1886	2353	28	20	36	29	8	2	28
Rv2756c.hsdM	1781	1548	3276	10955	1976	2496	3674	9298	7860	7896	10325	4908	5610	6848	7830	4729	5956	6624	6609	5842	4409	6575	6322	12705	9986	12362	6870	6566	7277	3802
Rv2764c.thyA	2	124	266	131	4	22	51	2348	3197	3979	2582	1516	1344	2895	2230	2454	2560	3849	2853	2374	7188	7449	5478	50	73	205	49	41	108	105
Rv2773c.dapB	3	59	18	6	6	4	6	714	390	402	549	725	687	907	1223	440	178	380	150	1311	3974	5485	2681	5	6	5	0	0	1	0
Rv2783c.gpsI	839	1799	3678	5295	339	1215	965	2123	2751	2932	2283	2087	1499	1959	2206	2249	5093	2787	4078	1941	2551	3602	2918	3343	1466	1889	2987	2589	3422	2612
Rv2838c.rbfA	555	1395	2511	5881	489	3027	2276	12021	13231	11320	10366	4670	3961	5239	3666	2486	4116	3596	5173	4107	5950	4650	4172	12357	8847	9746	4063	3293	2515	2861
Rv2839c.infB	0	62	25	49	10	736	92	3632	1593	2430	1111	276	295	563	500	221	418	687	885	419	877	650	854	34	0	17	2	6	2	5
Rv2841c.nusA	1553	1419	2552	6770	979	3566	3385	5278	8274	5752	5426	5416	3900	6340	5049	4544	10564	4373	7229	4194	3836	3721	4331	7942	5591	12275	4627	4565	5338	4938
Rv2861c.mapB	674	1314	3606	12655	1269	6050	5789	10589	16009	10779	8769	5455	6862	9018	9803	4806	8482	4631	6726	4315	4338	5539	4180	15654	25225	20989	7656	11783	7498	5398
Rv2903c.lepB	9	0	621	814	95	216	234	62	759	916	601	353	502	791	679	507	500	51	891	119	308	376	280	1017	560	157	88	625	181	244
Rv2906c.trmD	2	131	178	55	14	64	68	3382	4048	3242	1938	3027	4424	4821	3036	1307	680	969	1138	2400	3734	3993	3075	94	97	186	20	21	37	37
Rv2925c.rnc	1	2	1	0	1	10	13	527	96	119	127	91	64	84	78	23	43	77	362	202	301	659	294	0	2	2	0	0	6	0
Rv2927c.Rv2927c	0	43	76	67	0	17	60	2694	2722	1703	1717	938	1066	1635	1304	457	794	980	1467	704	2312	1959	1344	156	14	295	30	49	70	100
Rv2980.Rv2980	15986	3438	6091	15860	5256	13180	9839	12088	17509	10411	12676	8595	5855	11968	8618	9984	14191	9801	9072	7928	9060	5954	7031	21085	37420	19507	13029	12422	14234	11449
Rv2987c.leuD	207	12115	24939	14264	118	7934	18383	5278	4105	3670	2770	2020	1628	3709	2141	7277	16012	9807	13168	6964	7449	13342	10593	7144	5025	2617	7994	5725	1882	4658
Rv2988c.leuC	122	4320	7766	12963	690	21068	28772	94524	81989	51294	43814	38288	32329	46034	33426	24797	53771	24871	44133	20671	19072	35985	27345	195363	138859	51457	18641	13517	9730	13920
Rv3001c.ilvC	4398	1744	4499	12442	3482	7583	5932	10069	17171	13995	13676	8330	8508	11492	12030	7984	19051	11042	12298	8489	8985	9244	9197	9630	16241	17070	12992	11141	15827	10001
Rv3003c.ilvB1	494386	19621	21267	89864	270557	304303	403834	103762	169573	62871	84251	82373	168066	66709	75023	43244	40852	26548	22077	40034	38255	34259	27940	107872	164890	192957	39671	39541	23606	27533
Rv3006.IppZ	1863	3622	5000	12724	2915	7207	8594	12832	14572	11708	10471	10956	10845	9864	10971	7591	10169	9586	10543	8763	11287	8562	8791	22585	18164	19584	8439	9325	9208	6950
Rv3009c.gatB	3	181	154	18	10	10	62	6220	4714	4841	5240	3265	4196	6326	6101	2572	2552	3465	2086	3747	6560	6566	6622	24	45	173	17	6	8	6
Rv3011c.gatA	1078	1642	4126	10414	1603	3285	3072	8761	9811	11054	9969	6499	6118	10001	9801	6652	12326	5119	5541	4464	5869	7064	6032	18533	15145	13264	6366	6020	9250	7810
Rv3014c.ligA	4	1247	458	187	19	400	534	7624	5435	8215	5460	3524	5735	6372	5264	3677	7099	4248	3168	3465	5778	4995	5882	3630	4321	2277	367	503	983	1476
Rv3025c.iscS	0	0	8	4	6	6	2	2	3	18	5	22	9	11	35	30	38	49	9	62	30	43	7	1	0	1	0	0	1	2
Rv3028c.fixB	1541	2905	364	567	566	928	306	63258	32444	34360	21516	12188	20173	10659	14607	2416	2376	3286	1698	5524	4593	8469	9136	246	545	773	159	63	66	59
Rv3029c.fixA	0	4	3	0	7	0	0	22	4	6	2	9	4	5	5	0	0	1	0	2	0	0	7	0	0	0	0	0	0	0
Rv3030.Rv3030	7835	11388	11736	21044	3484	14014	11953	14545	25806	21728	19097	12176	12325	18085	12047	8552	17129	13703	12740	12399	14535	12569	14995	13708	26008	19805	12325	12526	12195	7262
Rv3031.Rv3031	591	1305	1385	2106	468	1451	1517	4555	5202	5798	5119	4489	3920	4320	4665	2185	6893	4079	5532	3672	6235	4405	4143	2146	2607	3814	3273	4774	3422	3069
Rv3038c.Rv3038c	20282	28728	26961	58946	9409	25323	25118	18761	37609	27611	23633	18635	18995	29336	21008	17224	24295	19082	16796	15880	25632	16762	22527	8987	15804	18354	15264	13810	12780	16165
Rv3039c.echA17	10	141	170	280	65	126	66	2303	2105	2551	2560	1805	1622	2784	2687	1990	2659	2556	2015	2764	5661	5051	4657	27	43	204	307	420	681	450
Rv3043c.ctaD	3028	2746	1108	16554	5377	26844	20798	32738	15717	16322	17073	4553	5568	7180	6283	3405	7649	4455	5064	3825	5087	5449	4029	18511	25808	6046	4424	1905	4144	3344
Rv3048c.nrdF2	1	65	136	77	13	95	70	10078	6907	6066	4426	2575	2727	4027	3084	1972	3316	2824	2770	2341	3177	4911	4012	398	800	558	89	79	184	76
Rv3053c.nrdH	1	10	52	11	4	54	44	2805	2576	1081	1541	1001	872	1026	1815	265	265	189	97	379	811	2724	1134	66	113	99	4	7	1	13
Rv3208.Rv3208	0	3	0	0	0	1	1	24	4	8	51	17	7	23	27	94	105	0	93	189	127	167	128	0	0	0	1	82	1	0
Rv3210c.Rv3210c	68	196	1012	582	37	44	126	2624	1446	2629	2721	2184	1993	2937	2436	2862	2253	3810	5975	2533	3907	2744	1923	1416	1464	1468	1338	2215	1176	1295
Rv3211.rhlE	1359	1779	5050	19684	1943	7555	5386	12909	16039	11518	8651	5307	5219	7382	6490	3517	5067	2529	3674	4164	4696	4600	4859	16193	15811	16561	7384	5881	5306	4757
Rv3215.entC	22	340	120	585	387	74	360	1592	1830	1426	1239	1304	1583	1547	1834	409	378	594	383	539	2238	1795	1392	247	157	337	152	110	39	39
Rv3222c.Rv3222c	27	130	575	15	8	3	4	9	10	41	58	587	333	801	669	1901	3243	2623	3487	2167	1733	1323	1001	216	36	608	701	677	1663	1810
Rv3245c.mtrB	495	2252	1545	3626	402	1287	2386	5357	7808	5923	4932	3961	5172	6969	5142	3757	6937	3817	3709	2225	5185	3789	3565	6243	7856	3320	2563	2249	1204	3062
Rv3255c.manA	1014	1624	3659	9612	1720	4570	3896	8384	11602	7620	8271	7120	7261	10104	9195	8729	11469	8646	11599	7733	9981	8813	7195	13355	15399	19492	11716	10412	6843	9053
Rv3257c.pmmA	7	669	171	114	10	91	196	7908	6992	5507	4412	4279	3836	5492	4952	3538	4047	3192	3353	3717	5809	7039	6350	374	142	335	67	109	100	175
Rv3264c.manB	5	233	24	26	16	18	21	4968	5474	2179	2933	2395	3025	3057	3228	705	556	934	625	2917	7864	6072	3648	19	30	49	6	10	4	2
Rv3267.Rv3267	13	727	348	545	6	362	275	315	265	445	300	144	267	213	118	72	30	149	27	134	44	238	244	2198	0	685	8	108	9	166
Rv3276c.purK	2	3	1	0	1	4	0	0	2	1	3	8	18	3	7	18	1	5	7	25	26	17	11	0	0	2	0	0	0	0
Rv3277.Rv3277	1	8	0	0	2	3	1	3	2	2	1	1	0	0	3	3	1	2	2	1	0	1	5	0	0	0	0	0	1	0
Rv3279c.birA	1	5	31	1	1	4	2	16	20	87	44	110	96	156	181	264	375	196	224	255	159	113	60	0	9	26	11	7	16	31
Rv3281.Rv3281	0	3	37	29	2	2	5	24	5	12	14	9	8	17	11	224	961	200	283	104	279	179	157	0	0	15	231	226	129	70
Rv3302c.glpD2	87245	11698	4672	27732	108163	124228	71175	22132	50109	19161	25648	27943	35934	25647	29812	22924	30050	26038	38153	15193	18632	22444	22194	47273	107593	39171	16439	14067	13641	16571
Rv3336c.trpS	441	1205	1981	3636	721	1638	802	2036	1902	2270	1622	2493	1979	2856	2276	1940	1757	1731	2582	1238	1143	1181	1436	5883	5311	3921	2206	1544	2062	1742
Rv3411c.GuaB2	0	0	36	182	43	67	35	143	63	181	138	43	41	83	20	43	160	59	59	35	40	33	15	0	246	394	150	66	109	115
Rv3417c.groEL1	0	10	429	10	6	8	1	4	5	9	9	61	19	151	136	1637	4167	2741	2282	1216	568	645	222	0	0	12	95	48	878	347
Rv3443c.rplM	204	713	2434	3356	500	8041	3013	10627	10132	6060	5486	3431	5446	4747	3444	1929	4425	2304	3148	1887	2768	2580	2265	8313	9336	5689	2175	2891	1200	1331
Rv3455c.truA	3532	2381	5599	11891	1746	6935	4067	11393	10852	10878	11802	8011	9853	10945	8992	7369	11404	9729	13150	7408	8736	10697	9105	20202	22037	17260	9306	13046	6334	8926
Rv3456c.rplQ	30	223	305	179	24	335	410	32	18	47	21	9	9	23	9	356	941	1502	707	373	750	374	433	215	25	1	362	750	376	303
Rv3460c.rpsM	4291	2189	2655	23146	10850	34717	32760	24488	31146	18000	11883	5844	10627	6755	5050	2785	4825	3691	5697	1670	3457	2373	2410	8652	18385	9545	3897	4198	1687	2663
Rv3565.aspB	2396	807	3077	6452	1302	2926	4369	6143	9528	6988	8341	4001	5020	7591	5469	4391	10091	3790	6283	5010	6762	5921	6146	3990	12582	11337	13271	5355	10083	4317
Rv3579c.Rv3579c	0	0	26	1	5	9	7	91	73	301	251	120	74	139	127	78	51	47	57	106	61	428	217	0	36	6	18	3	0	1
Rv3580c.cysS1	0	1	2	3	0	2	2	138	50	42	31	18	39	36	21	9	1	2	1	10	16	44	35	1	3	1	0	2	0	2
Rv3582c.ispD	78	447	998	336	87	333	513	11007	7783	6885	8107	8315	7147	9492	9429	5427	9270	7124	10096	5912	8845	9016	7466	1389	1091	1518	140	158	199	235
Rv3588c.canB	8	23	23	2	0	3	0	40	22	33	57	104	144	123	124	135	55	225	109	363	514	611	438	0	5	3	0	0	13	26
Rv3601c.panD	78	783	91	75	31	220	115	4221	1854	2204	1963	766	1312	1662	1490	780	694	1226	534	1477	2902	1979	2384	273	712	199	67	69	82	89
Rv3602c.panC	15188	32802	41229	52772	7979	15011	20384	9643	23867	27753	26846	17362	14319	30332	15498	18948	32701	21272	19781	20598	26758	17329	25677	9736	10623	17823	25588	18459	13077	20765
Rv3603c.Rv3603c	913	2262	4770	8497	591	1962	1444	4013	3870	3756	4969	2996	2492	5827	3933	2962	5928	3511	5455	2545	4240	2822	3628	4203	3441	5762	2393	5567	4261	2949
Rv3604c.Rv3604c	0	107	2270	114	7	13	144	108	63	598	368	273	127	609	317	1740	3084	2591	2136	1011	1488	1256	907	17	50	38	250	190	383	266
Rv3608c.folP1	122	59	27	11	6	39	28	1304	1022	1143	1764	1565	1322	1908	1844	1107	975	975	829	1400	2625	1356	1642	77	18	87	13	9	17	22
Rv3635.Rv3635	10053	29931	20827	39186	5010	14139	13165	11085	24307	22825	16286	11409	10991	20598	13506	12083	16253	16391	16271	12874	14016	14595	16723	5018	12224	13276	14477	12137	10261	11459
Rv3644c.Rv3644c	361	2417	3873	9093	403	3761	5996	7011	9008	8438	10770	6143	6046	9813	8587	4551	7212	8203	6593	2757	8628	6326	5022	12770	9497	9723	6171	4207	5516	4129
Rv3645.Rv3645	0	0	6	2	2	4	1	17	12	34	39	28	24	46	69	84	139	171	99	302	967	714	299	0	1	10	1	0	4	2
Rv3673c.ccsX	0	4	5	6	4	1	1	1	4	5	5	2	7	11	0	5	13	9	14	1	11	5	12	1	2	4	11	6	7	7
Rv3710.leuA	463	1606	2125	2744	410	2481	1749	8476	8228	7941	7729	4254	5682	7972	6534	4644	4254	6200	4689	4448	6439	4213	4247	7814	9059	7430	3114	6360	2719	6038
Rv3719.Rv3719	236	454	1573	1891	1233	1533	838	2680	3401	2153	2095	1304	2233	2419	2672	1917	3662	1969	964	925	1042	1800	791	2818	6654	4608	2667	483	1158	1859
Rv3722c.Rv3722c	38661	6590	957	207	2536	4196	607	25931	21867	11913	18364	15325	26732	12194	18336	10433	3175	4604	3352	11958	34479	25249	21830	129	34	164	53	63	118	51
Rv3754.tyrA	1	21	20	21	9	8	13	2671	1543	1845	2385	1066	1221	1710	1223	389	362	564	559	1762	2826	3324	2899	15	64	26	19	9	11	6
Rv3790.dprE1	1046	1214	4588	4715	894	2609	2810	2891	5340	3739	4338	2831	2953	3497	2778	4963	5981	5883	8182	4125	5393	6693	5412	3265	3996	5713	5684	7561	3287	3302
Rv3793.embC	0	3	0	6	0	1	3	3	0	4	6	1	1	0	2	4	43	6	54	9	6	24	12	4	0	1	36	0	0	26
Rv3801c.fadD32	225	2117	994	2782	786	1215	880	2076	2220	1777	1710	1408	1074	1973	1892	1602	2478	2577	2689	1131	1878	1786	1214	667	3298	3336	2217	1285	1917	743
Rv3805c.Rv3805c	16	30	3007	105	10	6	23	56	23	181	141	94	99	264	121	362	1515	1524	514	226	178	230	147	0	1	21	294	171	347	635
Rv3809c.glf	18	819	580	491	28	304	325	4785	5863	4249	5007	2780	4350	4513	4655	2335	5095	3698	4786	2106	1875	2616	2499	791	1486	2059	713	1112	1201	1763
Rv3810.pirG	1740	1385	2297	3738	452	1622	950	3665	3897	2917	2994	3468	3056	4597	4676	4084	6621	5472	3906	3490	4404	2628	2971	9560	11447	8242	4491	7182	4109	3091
Rv3859c.gltB	0	174	553	18	14	21	14	7037	5467	6650	6316	2308	2319	3930	3689	3568	6689	6770	6504	5148	6953	6320	5756	447	503	142	64	155	331	314
Rv3863.Rv3863	0	6	8	0	0	1	0	0	0	0	0	0	13	0	2	22	109	20	1	14	47	25	13	0	0	0	6	17	0	6
Rv3907c.pcnA	3018	3491	4540	21695	7556	18073	12601	34270	29890	22536	17337	11303	16103	14957	12655	9042	10256	6159	5508	5858	7173	6926	8953	14418	28890	24800	5579	6100	4833	5642
Rv3909.Rv3909	147	444	553	781	106	454	336	543	921	1164	807	1099	1709	1580	1332	1142	1134	2160	824	644	922	1005	724	351	1626	1270	1010	1935	1072	723
Rv3913.trxB2	18558	30652	22422	64354	8997	37740	25265	10549	24447	23511	19906	23990	20909	29845	18288	17288	22343	21324	20265	19344	22509	21785	22327	6742	13641	18660	13281	15412	13932	14800
Rv3922c.Rv3922c	0	0	45	4	0	2	0	14	0	2	1	4	1	4	1	4	22	114	59	0	5	13	2	0	0	0	21	0	267	0
