Gene	Day0_1	Day0_2	Pre-treat_	Pre-treat_	Pre-treat_	Pre-treat_	Doxy_1	Doxy_2	Doxy_3	Doxy_4	Nodrug_1	Nodrug_2	INH_1	INH_2	INH_3	INH_4	RIF-1	RIF-2	RIF-3	PZA_1	PZA_2	PZA_3	PZA_4	HRZE_1	HRZE_2	HRZE_3	HRZE_4
H37RV_BC02	1329	122	441	1166	1716	2088	1599	593	401	864	254	152	127	187	138	172	45	67	48	150	175	334	137	206	37	185	126
H37RV_BC04	763542	4175	57267	225998	296661	202234	261464	70197	83635	102852	21119	18852	18502	8661	14012	11233	6467	4629	4250	18551	15232	14073	18213	23515	9596	18752	9637
Rv0002.DnaN	154	43720	363	22635	287	279	4132	3333	2371	2877	7460	6558	11666	9172	11322	9448	7314	6716	5353	11335	10288	9650	6072	3747	5669	4667	5206
Rv0005.GyrB	4	3	12	1		4	5	2		2	4		6	3	7	8	2	3	1		1	1		1	4	5	3
Rv0006.GyrA	15	13	93	7	5	35	15	27	8	10	9	11	17	12	4	8	10	2	5		1	3	3	4	15	11	6
Rv0013.trpG	17184	22297	7375	17305	22897	24312	69633	62765	33498	48098	47626	50541	30799	23292	26514	24833	13936	14568	16531	64532	32871	44579	57941	50641	37605	51599	35609
Rv0015c.pknA	1594	915	3	250										1													
Rv0018c.P38-pstP	6			4	1	2	1	1	4	1	4	9	7	22	15	14	5	1	4	12	2	20				4	1
Rv0020c.TB39.8	115	17987	275	14990	786	1000	628	495	584	778	910	1015	3219	2931	1717	1926	359	328	298	468	1272	493	3902	2415	816	571	1924
Rv0023.Rv0023	1	352	6	103	9	28	199	546	95	247	243	396	531	688	198	692	388	372	445	72	117	65	637	34	8	98	4
Rv0041.leuS	614201	6391	17670	92078	214745	73221	95621	29190	21612	45754	9427	6421	2430	4058	5653	4857	5316	4404	2477	5547	3870	10465	3	5556	2280	5876	3370
Rv0046c.ino1	8	6	32	8	3	12	7	16	3	6	1		7	8	2	4	36	3	2		1	1			1	2	
Rv0060.Rv0060	2	1	21	4	2	3	3	4	1	10	1	4	5	4	2	1		1			1			3	4	2	1
Rv0066c.icd2	130	536	30	409	47	87	184	550	282	164	1060	878	3038	2664	2718	4081	2162	1870	3471	463	208	719	701	244	38	111	41
Rv0112.gca	8401	7157	1962	3591	4612	7768	14099	14816	7982	8968	14911	17328	10539	8930	10507	13036	6921	7001	8894	21704	10722	10724	48217	28015	16745	14698	14561
Rv0118c.oxcA	6489	9482	2414	5152	5037	9159	15666	18182	7021	10954	15618	17437	12325	12766	10805	10774	7419	8034	10094	24725	12458	16357	13264	21425	13983	14843	16767
Rv0119.fadD7	1072	7563	1172	3684	2826	4521	7394	11209	4534	6035	6811	9056	9150	5733	6610	10343	5053	6795	8106	8784	5018	15771	5275	17216	9178	14482	8794
Rv0127.mak	2	1236	18	5332	1928	2531	6335	1836	3326	1451	3637	7179	4373	7913	2439	5668	592	476	497	7984	4932	3106	2045	32179	5451	18352	2597
Rv0164.TB18.5	1			1		2			2		1		5	1													
Rv0198c.zmp1	5983	67573	10646	39280	15811	29800	14724	12026	7638	10009	17823	16103	32299	20589	29121	27977	13332	13404	11441	23208	28284	28742	24909	25756	19065	13526	28809
Rv0204c.Rv0204c		2	26	5		5	1	5		1		9	14	7	2	3		1			1	2	1	1	5		
Rv0206c.mmpL3	1	12	30	3	1	6	10	8	2	12	3	4	12	1	3	4	1				4		1		3	2	3
Rv0224c.Rv0224c	42572	7392	619	3542	3869	3930	4772	6688	4508	3906	7805	9962	7288	9572	7344	7344	6353	7102	6906	15190	4277	10126	19434	8608	5471	11357	7485
Rv0225.Rv0225	794	1701	357	2264	2146	4156	10260	9262	4961	4860	8605	9553	7888	6423	4809	5512	4100	4031	3561	11845	7054	9369	6298	5618	4213	6775	8305
Rv0226c.Rv0226c	253	4446	1250	3293	2541	8351	10314	10757	6896	6246	10153	13672	8670	6267	6106	6354	6283	5642	6710	14684	7070	11285	12237	7083	7980	11267	8167
Rv0228.Rv0228	1297	7050	1542	4929	4498	8818	15910	19735	8468	11904	21966	19812	15543	12055	12244	14273	8190	10241	9323	24229	12946	22762	20422	30232	9495	26694	14268
Rv0236c.aftD	1243	10031	1295	4841	5642	8258	9365	9656	6793	7524	8663	13252	12683	8914	13526	12639	5725	6468	5998	17075	7022	15075	19273	23040	10384	16667	16321
Rv0248c.Rv0248c		26	347	603	462	703	1340	561	231	3160	380	454	111	1205	586	182	186	376	335		49		1	1115	384	2488	3677
Rv0260c.Rv0260c		1120	144	3695	374	386	6270	1272	715	1018	2090	1391	1253	516	1229	823	1015	338	1277	1613	854	3488	448	977	472	591	597
Rv0283.Rv0283	773	1487	433	1692	1618	3375	2633	4252	2818	3301	5198	6007	5201	5125	5991	8393	3330	4213	4501	7860	3546	8412	7416	5558	8710	7316	6353
Rv0285.PE5	1652	6482	2189	4039	6413	5766	8809	10008	6154	6186	12162	11401	8671	7073	9387	8274	6556	6638	7282	11161	6614	11912	10855	14623	13417	15192	9954
Rv0286.PPE4	726	886	1027	866	380	1694	2954	3441	2517	2241	3053	4736	4329	1451	3269	2394	2208	2237	2263	11399	8862	13773	12678	631	1990	6377	2121
Rv0287.esxG	1		8			1					3		6	1	2	1											
Rv0289.Rv0289	4909	5793	2060	5040	5738	9461	17092	18669	13631	12719	17736	16819	11590	8423	14281	9866	11985	9830	9509	24041	14829	27703	46864	23176	12099	16972	16597
Rv0291.mycP3	7699	15610	8710	12035	21830	31834	105779	53808	39221	56384	23585	35928	23033	15324	21608	18067	13795	14994	19867	50201	34998	36166	95133	49291	24610	43091	29166
Rv0292.Rv0292	704	6312	64	2187	443	1017	8758	10605	5527	10099	9463	13351	7128	8769	6258	6419	6261	6052	7393	15137	9848	18473	13961	7256	4129	10133	5914
Rv0327c.cyp135A1	3147	2303	1241	3797	3816	6824	7904	8119	5255	5464	11556	12848	10916	9758	10077	12013	6790	7790	8710	11097	7249	14038	13566	16948	6854	10441	9731
Rv0338c.Rv0338c	1		3			2	1		1	3						2	1									2	
Rv0347.Rv0347	1454	5013	530	3120	3145	3801	6588	7894	5093	4712	9917	9752	10796	5392	8363	10592	5968	6106	6467	11178	5066	14511	17080	13734	7961	12185	11981
Rv0364.Rv0364	40	1455	79	1322	207	362	2038	2663	1431	2539	2733	3041	1403	842	1224	2106	671	599	845	1978	1478	3585	1543	895	1009	1102	1092
Rv0373c.Rv0373c	2848	13759	15229	53125	43317	53782	48449	30046	18743	31661	26942	29640	35572	20079	28248	30987	20319	16828	21198	41863	18889	37412	22921	25457	18898	21669	30354
Rv0404.fadD30	9	172	44	587	53	34	366	240	250	285	680	103	708	41	46	1	34	115	1		39	148		3	1	110	2
Rv0410c.PknG	1		7		34	66	25	4	2	49		10			13		38						3			9	
Rv0412c.Rv0412c			43	165	37	236	16	14	55	54	8	3		54	16	159	15	41	69		10		64			28	
Rv0414c.thiE	1	46	13	48	8	11	352	3090	838	487	2899	3171	7468	7450	7657	12059	8448	9546	13346	307	119	216	154	4	9	599	25
Rv0415.thiO	4	444	12	344	16	56	1024	2151	1394	787	3782	5144	4839	3852	5311	5209	5235	4870	7087	3785	847	1950	3301	518	289	2968	329
Rv0417.thiG	2	1	20		1	1	6	12	3	3	4	2	5	4		3			2			2		4	3	1	4
Rv0423c.thiC	1		6	1			2	4								1	1										
Rv0429c.def	908	10902	4773	9659	9365	12384	24414	13930	11080	13998	12743	15532	16707	13180	12062	12562	5689	4656	3547	7109	3253	4716	10968	26251	19850	29854	22297
Rv0431.Rv0431	381	3311	1701	2886	9030	6492	12330	6330	4473	5059	8915	9096	7332	5193	7277	6931	7742	6892	4887	8387	5860	11303	16591	6733	5069	9509	8846
Rv0455c.Rv0455c	630	4587	1267	2962	3513	6202	10284	9213	4772	7872	11659	13634	12033	6540	9032	10245	5550	6255	5437	16792	8001	10839	16623	19194	9118	13617	10678
Rv0479c.Rv0479c	269	7644	1053	4139	4407	7401	16607	10468	10809	7892	18949	22949	14778	7520	12783	15751	10396	12691	13348	19588	12971	18010	18337	28250	17052	18292	16677
Rv0504c.Rv0504c	785	2242	103	1909	749	1088	1856	1797	1221	776	4920	5361	3288	2907	2452	3156	1740	1957	2211	2390	2434	2330	4688	2797	2970	4162	1738
Rv0507.mmpL2	6386	4944	3367	11650	26578	16301	28978	11303	6287	21967	7858	7581	7205	2905	6236	6910	6739	7132	5365	15870	8626	19883	12021	12393	4983	9851	6475
Rv0509.hemA	5	2	1				1	1									1						1	1	2		
Rv0512.hemB	3	41	23	61	2	16	189	822	383	238	198	301	5856	1941	1210	2422	833	1017	1798	46	11	11	38	2	1	402	7
Rv0524.hemL	214	4383	782	2984	3856	7908	28677	21284	14851	19321	14920	16475	24622	22657	23854	25998	9763	9188	9491	9477	6376	8072	8800	12652	3432	17316	8659
Rv0525.Rv0525	71	3883	69	1216	305	724	2050	3776	1646	1402	3682	5094	39	254	98	41	1606	1979	2163	6372	2999	9701	3745	6654	2708	3344	2603
Rv0526.Rv0526	8043	7427	879	3355	2105	4772	8345	8315	4106	8226	6301	8693	6026	5009	5482	7751	3506	3998	4717	7428	5777	11800	8032	12097	7321	10624	8921
Rv0528.Rv0528	647	607	2138	1169	6249	3765	60162	31551	25459	52500	7838	18295	6886	4330	4256	6367	1117	1523	2804	10639	7498	10346	9454	295	1928	8621	1653
Rv0534c.menA	1820	3572	474	2771	2001	3789	6918	7265	4724	5410	7975	6363	4000	4818	3530	6739	5699	5416	6405	12179	7720	15769	10633	5151	5434	9456	6403
Rv0548c.menB	595758	1038188	196242	645426	556407	573914	142329	110785	114504	174436	253221	230152	694420	487370	564761	579044	355847	318795	248597	431965	457233	496669	310303	282041	349755	124063	390904
Rv0553.menC	2	1	26	1		1	5	5	4	4	10	2	7	10	3	2	2						2			2	1
Rv0555.menD	5342	15270	5656	7019	17472	21913	25088	25461	12633	16007	18697	28918	22330	12229	15138	14919	11292	11120	13031	36521	14488	21267	19261	31175	22862	23240	18039
Rv0558.menH	6	6501	7588	15871	16457	12649	41512	18787	11691	16447	12962	13604	11865	3745	5198	4477	5415	4714	4459	17639	7791	11857	2969	7738	15163	12408	11227
Rv0636.hadB	61	2371	17	1187	97	107	4265	6150	2944	3979	7289	7397	2137	3484	1523	2759	570	195	816	3213	3599	8570	3322	539	673	3590	957
Rv0640.rplK	1852	12838	923	5413	4239	6243	28488	26866	13301	17638	27858	31330	26885	15569	15723	19022	12409	12688	13637	28941	20318	42749	27630	27514	22328	28135	23677
Rv0684.fusA1	5926	14128	2284	6930	7937	10796	12225	18376	9086	8810	19719	23740	27639	18774	16484	18202	11110	11624	13467	31268	13512	26785	23954	16081	11578	18794	14682
Rv0697.Rv0697	5156	5083	1949	4957	6153	9982	15390	16497	9127	9438	17193	16339	18585	16887	13485	18114	11395	9951	14785	24212	12070	24843	26245	19763	12998	20502	16300
Rv0701.rplC	2	32	15	65	9	26	3768	5666	4709	3963	3680	4675	4859	3587	2116	3858	2423	2417	2215	751	508	684	545	46	70	858	106
Rv0702.rplD	2	388	46	242	12	35	1233	4238	1287	1386	6005	13900	7645	5182	2847	4101	2608	2410	4785	6845	2226	3401	7305	2789	1602	11826	2027
Rv0703.rplW	1	1133	37	421	54	97	1330	2305	993	941	4593	5106	3149	2126	2040	2026	1983	1348	1822	3955	3114	3266	7067	9675	6160	5795	3926
Rv0706.rplV	829	5363	367	2215	1178	1820	62530	53041	29180	43285	33437	50809	22868	19072	15176	13719	11696	11607	11718	36026	20837	41883	30040	11761	10476	38029	8069
Rv0707.rpsC	313	4561	94	1530	566	1747	3595	8576	4831	3859	8657	15903	14092	14376	17900	13118	26956	24948	26340	6156	4008	6080	8614	7438	6275	16001	5842
Rv0708.rplP		41	8	76	4	1	168	538	308	294	2015	3364	4087	4223	5137	4892	6743	6246	5143	2093	862	1802	3303	160	96	1971	295
Rv0709.rpmC			4	1		1	2018	1		1	1		6		2												
Rv0710.rpsQ		13		1					3	1		14	163	196	107	158	314	255	204	1				13		7	1
Rv0716.rplE		4	5	1	1	1	85	201	125	177	220	270	79	27	42	69	5	6	41	51	42	2	33		1	6	5
Rv0718.rpsH	2		2		1				2					2													
Rv0721.rpsE	11	493	29	226	169	298	84	159	228	160	946	972	4584	2414	2797	2979	2900	2489	2886	311	276	587	1004	518	282	876	622
Rv0732.secY		43	16	16		26	1	118	2	1925	259	1	1	2	64	60	16	15	4		1	489		1			
Rv0733.adk			6		4	63	36	205	20	14	50	25			38	1	26	26	1		8		729	1		226	154
Rv0780.purC	5		49	3	2	21	12	19	3	5		1	7	3	2	3	5	7	2		1	2	2	1	1		
Rv0787A.Rv0787A	3	9	7	3	2	3	4	3	4	8	4	1	9	3	3	1	6	2	1				1		5	5	4
Rv0788.PurQ	1		6	1		2	1	1		1	2			5		2											1
Rv0803.purL	1		6			5	4	4	2	1	1	1	7	1			1	1	1						1		
Rv0809.purM	4	2	55	2	2	7	5	5	4	5	2	8	10	15	3	4	1	1	2	2		3	1	1	4	1	
Rv0811c.Rv0811	1	1633	122	1392	451	953	4125	5093	1816	2115	4737	6160	2789	2768	3578	3143	1658	1275	2020	4858	1981	3009	4754	2660	2521	3588	1273
Rv0817c.Rv0817c	1198	77721	2689	41033	5258	6717	2156	2115	1077	1380	4193	2853	29316	26592	20260	29016	3576	2988	3207	3402	2944	8736	6118	6215	3388	1608	4405
Rv0824c.desA1	6	7	32	11	8	15	16	15	8	9	7	4	12	17	3	3	4	4		1	3	1	1	1	10	1	3
Rv0902c.prrB	1	3	9	2	1		1	4	2	3	2	2	2	5	2	3							1	1	1		1
Rv0913c.Rv0913c	9436	11932	2240	6657	7626	8632	13081	15387	10922	12909	20048	19586	25762	14999	17593	19083	13003	12233	12783	25749	13488	29294	19669	22255	19450	22681	13765
Rv0938.ligD	2	3	26	2	4	3	3	5		4	1	1	3	4	2	3		1	1			1			1	1	
Rv0949.UvrD1	177	4224	446	3076	66	228	732	1028	412	527	1447	1605	2789	1998	2816	4185	1507	1399	1269	503	1236	712	1194	895	535	903	527
Rv0951.sucC	19237	15693	25786	19277	57848	49422	110358	53427	29651	73875	40052	60850	29036	19447	15419	23584	6879	6560	9427	24766	21607	23858	22008	86225	38257	85814	66015
Rv0973c.accA2	2358	6568	2843	10889	5655	8025	11247	12097	11645	12701	11868	15238	8482	7584	9524	10391	7354	7549	9042	14005	10395	18719	5569	13165	17759	16445	16308
Rv0974c.accD2	214798	7979	6844	19981	60996	33954	28685	10452	9629	11081	5098	6530	5085	3966	4468	5623	2467	2120	2144	934	2619	3533	6939	12231	7872	9129	8060
Rv0982.mprB	1	6	48	4		3	5	6	3	2	11	7	15	7	4	15	6	1	1	1		1	1	4		2	
Rv1015c.rplY	145	416	11	336	277	54	329	624	811	380	1673	2640	8949	7260	7648	10210	5253	5587	6085	2040	952	1797	2658	1966	905	1313	1043
Rv1018c.glmU	1	1		2	3	3	2			3				2									1				
Rv1044.Rv1044	56	1360	50	711	99	95	234	889	273	400	1518	2366	3409	1101	1332	1446	1081	913	1979	783	659	1416	915	4934	419	1163	638
Rv1076.lipU	4037	6415	1170	4830	3855	7454	8485	12518	7328	8953	16572	14430	14723	14846	13182	13103	11409	10970	11604	26021	12485	25340	21097	19890	14816	28872	20377
Rv1078.pra	225	1740	1214	3832	4976	8462	5773	4367	4862	6018	4502	7534	8814	5134	8685	5260	3835	2714	5330	6145	5376	18071	11794	6003	6989	8446	5496
Rv1094.desA2	222	194	123	540	254	529	2080	1153	483	1074	622	1389	439	988	410	625	578	621	665	2333	1307	3259	579	1339	467	698	919
Rv1111c.Rv1111c		334		60		2	4	29		12	23	6	17		18			3	2		2						
Rv1133c.metE	4	11	25	4	2	4		13	5	7	1	2	3	2	2	5	4			1			3		9	4	7
Rv1187.rocA	1472	7064	1044	4898	3297	6751	9401	10228	5763	7085	15513	18069	14970	10348	13123	15091	10148	9320	9605	16617	11093	18514	15793	24151	5402	18957	12769
Rv1202.dapE	576	10376	79	4418	483	402	5892	12703	3893	6718	8975	9822	26464	25839	25648	29747	9296	7494	10224	7674	2892	3999	2329	965	68	5518	998
Rv1208.gpgS	3	3	16	3		3	1	1	2		3		7	1		3			1				1	1	4		1
Rv1240.P38-mdh	1	6		5		2	44	59	30	56	78	92	59	76	50	84	23	49	35	42	14	30	7	9	1	106	10
Rv1254.Rv1254	373	8821	1988	5045	5914	10022	16140	15161	8627	11154	20202	19884	16043	11642	12240	13487	11179	10105	9159	19975	10872	24861	16528	16776	15127	21030	15786
Rv1293.lysA	2		7	1		1		6			1		3			3											
Rv1300.hemK	10611	68416	25066	52412	35153	57211	48342	22945	10385	23703	20619	19751	28831	17571	27671	25954	12403	12634	10851	15947	34081	37712	23515	20260	22183	11870	28462
Rv1302.rfe	2106	12177	948	5633	3611	5319	16278	16963	11189	13574	18345	19083	13211	11957	7677	12810	5578	4535	6976	17015	9923	18521	10966	19150	6987	14664	10055
Rv1304.atpB	385	3823	439	3576	1391	2709	5449	9409	5697	4611	10954	13112	10669	12068	8574	8485	6221	7252	5303	13695	6460	8180	11760	11590	7322	16015	8264
Rv1307.atpH	13	11288	289	3026	144	230	7051	14821	6543	6405	27527	23239	18575	17846	15998	21593	10376	8708	9666	18993	8812	15371	18752	26039	9816	20975	12190
Rv1308.atpA	2		6	1		3	2	10	1		3	5	1	8	1		1	7					2	1	16		540
Rv1309.atpG	193	9659	97	3645	291	801	11578	14163	7128	8367	15017	14882	13565	9997	11613	12469	7678	7475	11259	13684	11464	19396	8242	13437	6001	19517	14972
Rv1326c.glgB	57	158	20	165	30	52	722	2606	1154	1082	529	720	1617	2050	2639	2934	4672	5217	7039	266	131	173	214	195	77	2146	289
Rv1342c.Rv1342c	4476	6406	4016	5314	10392	15990	22446	10232	6077	13258	8443	7965	4689	7118	6886	8674	3464	3458	4043	8430	4191	8273	7437	5495	4698	8606	8952
Rv1343c.lprD	1		27	2	3	4	5	3	3	3	7	2	5	7		1				1		1	1		1		2
Rv1348.Rv1348	1066	2702	175	2305	222	445	741	1224	668	611	952	849	4332	3640	3194	3330	1217	1669	1908	2216	316	845	1279	836	1270	4183	2024
Rv1382.Rv1382	8330	3758	550	2291	2514	4256	662	1568	1362	982	1238	870	9195	6184	4142	7066	9032	9081	9855	611	372	458	565	3795	2085	4262	2800
Rv1408.rpe	185	2929	15	1113	2	10	7	36	5	5	24	44	420	1017	468	1059	74	45	36	24	4	1	129			49	4
Rv1420.uvrC	28	1993	15	953	49	201	100	892	411	545	3120	3565	11424	8388	11108	13064	6580	5784	6465	2257	874	1490	1982	3867	1271	3884	2299
Rv1456c.Rv1456c	5269	12061	2182	4591	5196	8899	15367	16477	8725	13996	19541	22434	14074	16410	12396	14973	11684	12595	13874	24127	19384	29394	14307	24544	21721	22455	21656
Rv1457c.Rv1457c	1	941	1803	1600	3242	5368	5510	2328	1373	3957	1355	2930	418	58	49	97	10	9	4	130	1746	2817	31		1633	2105	1876
Rv1459c.Rv1459c	377	25479	360	11647	631	2072	1992	2442	948	1662	3612	4329	7747	3546	5057	4533	2163	2127	1985	7345	5214	5780	1996	3809	2528	943	1457
Rv1462.Rv1462	64	490	31	353	57	170	27278	26943	20454	21806	23422	21551	10702	7145	9732	11929	7329	6426	10840	5484	2732	3695	2457	45	34	15755	749
Rv1464.csd	1121	760	582	476	955	610	1882	519	554	1206	223	237	344	720	241	491	135	145	201	40	29	60	30	200	418	950	278
Rv1465.Rv1465	14436	20120	10078	10232	17697	24806	42518	31348	16026	34343	10961	10730	2719	3056	4562	7388	2876	2525	3932	12156	6033	8114	10425	15813	8270	57740	10084
Rv1476.Rv1476	219	6702	380	4048	2885	2577	22091	20223	15077	17774	17936	17436	16842	16883	13087	15489	12789	10606	12994	20907	10589	17409	18095	27659	19892	22555	19155
Rv1479.moxR1	1		2	1	1	4				1				2			1								1		
Rv1480.Rv1480	4317	15175	124	9975	873	1849	2117	2685	2241	2186	3740	4390	3975	4923	3498	6250	1250	983	1573	3327	1828	3323	2778	1994	1005	1936	1105
Rv1485.hemZ	1771	1084	291	1004	608	1537	2499	2931	820	1213	2739	2727	3109	2773	1957	2869	1504	1755	1269	2820	1805	2232	3238	3511	2624	6838	4074
Rv1490.Rv1490	4499	10443	3120	7509	6506	12578	19738	17175	9094	11813	18263	26685	21875	15676	16294	16989	10055	12679	12591	33200	13550	25882	17619	33295	11448	27431	22579
Rv1522c.mmpL12	4550	7522	3023	7642	7792	12314	20909	20867	11340	11872	23714	26566	21726	13915	17729	18769	11103	12912	10902	22147	16306	25719	21283	16948	10984	30319	22618
Rv1525.wbbL2	1282	11808	1843	5621	4419	9913	16689	17439	9112	11726	21059	24274	12808	12169	10293	17620	9705	11137	11967	17539	11796	16404	18395	17986	11302	19725	17249
Rv1547.DnaE1	2	2	9	1		1		4		1			5	3	2	5									1		
Rv1576c.Rv1576c	1863	5867	1061	2492	2306	5805	7127	6172	4621	5547	8079	9943	7789	6517	7845	6753	5276	4385	3813	7388	5227	9857	13578	13722	10752	8616	5671
Rv1595.nadB	20	40	6	38	4	48	3455	6982	3939	2430	4900	6513	4530	3905	5201	3778	6376	6372	6293	1246	379	204	1117	22	5	377	41
Rv1596.nadC	27055	84974	6636	46340	12711	37743	20148	16683	8337	12629	18597	20315	34455	32732	29770	30591	14111	15031	13077	23806	36966	31814	20109	18152	13913	10338	28659
Rv1599.hisD	22182	126534	32665	70099	43279	82807	27912	19945	11378	16321	31095	28570	51290	40624	46932	43353	23213	22811	18669	30245	52227	44026	24779	34159	29542	16750	40218
Rv1600.hisC1	52	31	929	66	59	46	52	99	51	286	116	109	441	190	173	137	35	62	62	27	22	28	15	36	41	97	161
Rv1601.hisB	622	2878	577	1845	1233	2319	1875	3743	1866	2143	11043	9078	11125	4712	4934	5819	4335	4038	4121	8774	3688	8438	8331	8323	7410	13714	7306
Rv1605.hisF	839	1833	257	1055	807	1575	2803	3300	1186	1868	5126	6703	7778	3656	3341	3769	1765	3316	3164	2301	3270	6181	1608	5296	3578	4507	3913
Rv1612.trpB	2		7			1	1	1		2	3		5	6											2		2
Rv1614.lgt	16		5	111	8	50	7	255	80	43	127	65	766	479	38	71	86	36	301		96	58	225		2	246	97
Rv1629.polA	3	3	3	2		1	2	6		1	4	6	9	5	2	4					1		1	1		1	
Rv1631.coaE	1593	12234	242	7042	420	989	1135	1232	824	1422	1651	1618	2762	1816	2492	4091	1064	836	817	922	944	1045	23	236	270	337	651
Rv1643.rplT	337	2089	44	647	509	215	755	2389	1023	1411	2274	2542	6177	4953	4149	5671	2793	2986	3192	3375	1224	1572	2808	2289	1703	1659	1584
Rv1654.argB	3	1891	635	1558	2045	1793	2780	3440	1501	2507	4073	3318	1788	2317	3066	3425	2129	1569	1304	4665	3215	2596	6822	3378	3377	4679	2028
Rv1655.argD	107	124	6	138	13	35	3661	6542	3144	2945	3572	5283	4004	4415	3330	2604	3589	4440	3606	3789	1552	2311	4963	110	117	3536	202
Rv1656.argF	384	2374	35	585	77	111	3464	3801	4627	4032	3950	5549	6369	6203	5429	4292	3636	3094	3705	3046	2036	3599	3431	1487	1397	3530	1087
Rv1661.pks7	9660	6658	1576	4830	4460	7101	9061	11670	6774	7370	13103	14469	15942	16407	10700	13337	10039	10552	9358	18385	9144	18158	15885	23700	8929	11340	13445
Rv1683.Rv1683	1	108	6	158	11	28	370	162	91	61	222	306	309	629	756	602	387	530	930	187	42		230	173	346	1552	225
Rv1689.tyrS	2	1	4	1	1	2	1	6	3	3			2	4	2	1	3		1		1				5	3	1
Rv1695.ppnK	1171	10663	4455	5081	8134	14402	7333	12633	7205	6274	7566	6891	21466	12089	12037	12466	16989	16175	15737	6634	4187	11069	4744	18589	10732	17710	15563
Rv1697.Rv1697	1	26		6		2		3	1	1	2	2	1	2													
Rv1699.pyrG	1379	5692	569	4689	1666	2972	3974	5678	2881	2997	9900	10039	8194	6155	7876	7848	7343	7137	6184	10162	6049	14388	7122	10271	6669	7660	6812
Rv1711.Rv1711		85	12	22	10	15	95	294	91	103	384	437	871	286	341	354	309	374	654	356	82	121	276	283	150	214	183
Rv1712.cmk	9137	39595	13416	22953	17623	28220	19014	10571	9005	12651	12341	13260	22881	12869	14676	17915	4937	4363	4433	22615	20096	24330	17780	17085	10963	11420	14158
Rv1783.Rv1783	2		1	2		2		4	1				2		2	5						3					
Rv1796.mycP5	2546	5254	1011	2812	5446	5714	12940	12614	6094	8969	13681	16632	10392	8898	5792	8309	5908	6528	8669	12753	8348	14870	8788	6463	9321	13055	13122
Rv1797.Rv1797	332	7317	100	4078	487	1891	35311	24831	14988	26285	21630	30882	22971	14453	13783	14907	9450	8758	12588	15005	5937	9523	8280	8174	3225	33538	7083
Rv1822.pgsA2	4105	13807	399	8538	6819	8055	23480	24367	20721	18173	16517	14680	25329	24383	25537	28933	9391	8120	11009	22085	8885	30166	38843	4308	2196	12431	4938
Rv1828.Rv1828	232	2870	683	2698	1478	2466	4778	5490	3149	3942	6157	7605	6608	4405	3326	6648	3026	3077	4559	9810	5762	13470	13181	10571	4676	9353	7443
Rv1832.gcvB	984	5455	287	2394	1026	2107	19765	20899	8507	13590	23263	24601	12805	10832	12238	14322	6713	7942	9058	25671	9081	23960	15846	9920	3362	18876	6109
Rv1836c.Rv1836c	359	4433	514	2213	2102	1770	647	564	467	741	190	143	9281	5806	5281	6781	1187	1180	1086	360	243	634	545	1193	790	445	1437
Rv1854c.ndh	2576	12202	1924	3959	4306	8625	14422	13663	5261	6641	16131	24422	11501	7939	11215	11579	5442	7381	6586	16285	9897	15754	8456	22585	7277	19762	15952
Rv2006.otsB1	10285	37339	9550	22471	15873	25619	25314	16418	10387	16772	18030	19878	19875	16201	18129	15713	11714	11436	10991	21650	23683	25985	14103	20451	19499	18432	21277
Rv2017.Rv2017	1		8	1				5		3		1	4	3		1		1								2	1
Rv2047c.Rv2047c	2288	12012	1849	6924	3742	5337	6674	8354	3779	5086	7484	8779	8888	4643	4902	5650	6202	7414	9963	6836	6100	6993	8053	13237	3169	10224	5252
Rv2051c.ppm1	2		8	20	19	53	3	11		8	6		333	4	38	27	42	1	6			2		1		1	13
Rv2138.IppL	821	4198	524	1190	1154	2483	5338	6324	2939	3144	6611	7174	5592	3122	3477	4346	2773	1882	1485	6601	3863	6442	3798	9804	4349	4981	6154
Rv2139.pyrD	3	40	17	45	5	6	102	155	80	67	110	118	534	319	236	500	80	152	189	38	7		5	2		97	5
Rv2152c.murC	1		3			2							1		1	1											
Rv2154c.FtsW	5372	73195	5807	31209	8798	20034	10378	8556	5179	7685	13825	20786	27717	19960	23191	20527	11632	11305	10725	26586	28545	28451	24792	29238	23728	9875	32148
Rv2156c.mraY	1	802	9	384	1	10	11	64	46	33	619	1281	3771	3392	2769	3959	2400	2151	1755	126	140	181	94	3264	840	2900	1774
Rv2157c.murF	1		1								1	1															
Rv2158c.murE	7	101	19	77	9	7	492	3610	1243	862	776	570	5010	4642	6510	4711	7826	7790	9250	219	65	281	593	4	2	44	9
Rv2172c.Rv2172c	41	120	286	304	210	483	493	467	275	254	516	543	2466	2470	1285	2934	1300	1001	1506	6	427	186	1525	7	15	157	485
Rv2174.mptA	165	10530	304	6672	1596	2116	19293	19777	15221	13495	21316	21484	30920	33444	29443	26700	12633	9802	14785	19017	10643	32590	36446	27418	10307	24310	11775
Rv2182c.Rv2182c	2	1990	17	1565	509	130	2121	5370	2955	2567	8997	9898	8067	8667	10472	6655	5102	4959	6251	10822	4024	4769	6034	3134	4057	6614	2979
Rv2190c.Rv2190c	2609	2865	1592	1549	3247	3449	7439	7641	6565	8131	2305	3322	3706	3996	2734	2404	1021	874	1977	4051	4280	5273	4469	12935	7731	11204	6352
Rv2192c.trpD	2		4			3				1		3	2	1	1			1								1	
Rv2194.qcrC	2812	6846	1959	3932	3660	6051	12308	9714	7377	10467	11611	11243	8224	7594	7074	7028	6771	5287	7078	12841	9844	11026	17058	19138	4685	9167	8447
Rv2195.qcrA	1278	13	349	118	372	308	3414	3903	872	4213	789	1380	48	141	79	250	23	43	27	1963	229	130	591			373	180
Rv2198.mmpS3	721	828	289	909	1486	1583	2170	2498	1368	1339	1755	3021	3110	1970	2884	2249	1132	1348	1577	2697	1674	1592	3777	5062	2785	2430	1268
Rv2202c.AdoK	1		1		1	2	3	2	2		2		10	2			2	1						2			
Rv2210c.ilvE	1		4					1	1	1			2	3		1		1							1		
Rv2211c.gcvT	1227	8719	194	2727	712	1544	3721	4509	2259	3669	6647	8394	3807	3362	4273	5345	2515	2552	3680	9692	3200	6628	4749	4260	3289	6886	2611
Rv2217.lipB		2931	28	1344	123	613	6150	7276	3472	4226	7235	9944	11328	6529	5600	6903	5229	6156	7000	9118	5450	13588	13120	3601	3497	7767	3558
Rv2218.lipA	3		10	2	1		1	4		5	1		6	11	3	1	1	3			1				1	1	2
Rv2225.panB	19607	57744	582	29577	2486	2620	166	472	165	242	465	560	12193	15876	8833	15623	1000	1118	1588	47	31	123	525	1510	744	705	503
Rv2228c.Rv2228c	3	5	31	3		5	8	12	4	4	8	4	24	12	4	8	1	1				1	1		1	1	4
Rv2235.Rv2235	893	3811	1157	1945	2715	3494	10680	11984	7492	9754	17925	27285	13260	7177	7238	9430	3500	3519	4577	22053	11216	9797	11482	7229	6624	12131	7056
Rv2241.aceE	2025	3945	3394	3335	5008	2918	16460	11821	5399	11504	3832	5462	4032	3165	2287	2784	4134	4441	4820	5501	2821	2299	3818	3939	1813	4646	1980
Rv2243.fabD	69	805	13	591	216	245	1023	1262	1137	917	2367	2609	4192	2551	2655	3271	846	1007	932	3576	1547	1739	2068	1835	526	1833	1020
RV2245.kasA	261	317	18	162	88	138	326	555	102	296	430	225	192	233	164	70	152	96	198	54	182	215	83	129	48	133	63
Rv2246.kasB	792	7472	333	3157	1139	1126	424	909	502	275	1366	1326	1108	1107	1155	848	792	960	744	842	928	1565	215	2231	716	1310	658
Rv2339.mmpL9	2317	6793	1207	5143	3386	5365	12683	14472	6088	8064	14803	17385	7724	9887	8771	9436	6352	8731	7641	17326	10014	16491	18690	14564	10567	14038	13241
Rv2399c.cysT	8	23	18	6		4	7	5	4	5	4	2	14	7	3	7				1	3					5	3
Rv2413c.Rv2413c	1	11	4	23		4	65	403	1453	338	602	1136	1284	1874	1053	1526	917	801	944	275	83	317	98	1	7	45	1
Rv2440c.obgE	51	65	58	73	42	34	28	21	15	22	4	4	39	133	3	4		1			1	3	8	3	2	8	13
Rv2441c.rpmA	2354	12689	537	4414	1360	2596	17563	17093	10777	13960	21729	23836	19889	13956	15735	19684	10741	11093	8843	37738	16058	24348	28137	20100	17141	26206	14731
Rv2442c.rplU	1		8	2	2	3	5	3	3	2	27	6	3	4	3	5				2		1	1	1	1	2	1
Rv2454c.Rv2454c	2	475	12	178	4	8	34	1086	144	114	1659	1020	774	760	1276	1295	2726	3219	5331	452	437	466	583	254	109	1198	151
Rv2455c.Rv2455c	3	1	8	2	1	7	3	7	4	5	2	2	4	9	4	4	2	2				1		1			1
Rv2477c.Rv2477c	1	1	19			5	1	6	2	1	2	4	7	4	5	16	2	3	1	1		1		3	2	4	2
Rv2500c.fadE19	3			2		4	4	3	3		2		3	6		1					2	1			5		1
Rv2507.Rv2507	236204	447	1949	1048	2783	4484	1395	4	92	1	82	188	1721	760	275	255	31	35	181		189	13		39	129	84	
Rv2509.Rv2509	3703	3412	963	4137	2456	3895	6151	8508	4108	5097	9775	10770	7706	6263	5788	5208	3242	3271	3370	9658	6029	14509	4800	6325	5394	8240	4800
Rv2511.orn				1			8	18	2	1	42		60	61	78	172	120	61	30		1						1
Rv2524c.fas	62	70	100	80	61	79	43	58	22	57	8	6	41	162	11	1	41	8	3		1	4	16	22	7	8	13
Rv2540c.aroF	277	2890	770	3582	5007	5280	8858	10680	6241	8191	8380	11605	12893	10014	9522	10712	8314	9312	8495	15829	9105	11741	16064	17936	6441	11259	13467
Rv2554c.Rv2554c	59	1078	64	1554	86	641	574	901	872	610	2765	3031	1597	1739	1789	2523	1315	1851	1649	3055	898	1482	1555	1637	6286	2063	1198
Rv2572c.aspS	8	8	7	76	2	3	1	5		3		3	13	8		1	6										1
Rv2581c.Rv2581c	1317	4551	1807	5144	2815	6356	10129	10842	4681	6616	11953	12953	11715	9123	8481	11168	9493	10909	11106	13259	9046	8980	28187	16770	13132	16093	10882
Rv2586c.secF			3				1	1		1	23	48	233		21	23	25	34	1		9				149	15	86
Rv2587c.secD		1031	47	660	16	57	1753	2077	690	1038	3254	6421	2238	3615	3983	4341	2418	1963	2286	6553	2574	2792	4494	6790	2607	3768	2349
Rv2610c.pimA	7	5	48	5		17	8	16	9	14	11	12	15	16	4	8	4	4	2	1	2	4			2	2	6
Rv2673.aftC	10839	78350	14062	39693	22568	38110	14043	13073	7301	9157	17557	18084	25592	25696	28760	33880	14302	12967	10702	22626	32178	21443	22764	17145	18684	10214	23571
Rv2677c.hemY		607	17	126	39	66	825	1525	867	965	1203	2592	1273	1460	2038	1510	1226	951	1363	1450	942	1317	463	241	56	1128	62
Rv2698.Rv2698	483	3495	599	3073	1860	3588	7289	9172	5508	6199	11635	14430	13868	7730	9117	10116	5739	5390	7454	14755	8874	11247	8561	7699	6476	9243	5308
Rv2720.lexA	1	132	20	88		2	56	379	102	68	1288	1355	2846	2400	1607	4377	1153	1035	1156	90	85	87	143	1	1	15	4
Rv2726c.dapF	16	21	49	30	16	24	5	10	8	14	10	3	29	46	11	7	3	4	5	1		3			16	2	6
Rv2727c.miaA	1	525	191	392	266	607	5411	7032	3284	4499	3167	6287	1509	623	861	1461	436	568	502	1035	1456	786	854	343	307	1207	492
Rv2747.Rv2747	1	1	16					1				1	3	1		2	2	1			1				1		
Rv2756c.hsdM	10124	10164	2437	5639	4995	9946	17399	19405	8034	12113	22274	23683	12351	13588	11732	17735	8804	10204	10101	25699	15600	22166	21068	20719	12629	21271	13383
Rv2764c.thyA	2	1	12	1		1	2	2			8	1	12	5	1	1										3	1
Rv2773c.dapB	1	2	7			7	2	1	1	6	3			1		1	1					1					
Rv2783c.gpsI	2	2	5	4		3		5	1	5			2			1	3			1	4				1		
Rv2838c.rbfA	1	1	16	2		3	4	6	2	2	1		7	2	2	1		1									
Rv2841c.nusA	1641	8957	2024	7448	6831	15302	15870	14584	8391	11725	15516	11513	12629	10981	9086	12514	9244	8979	8019	14366	11585	31415	13683	26100	11518	19479	11385
Rv2861c.mapB	764	785	131	724	467	734	2526	2266	1326	1335	3782	5007	1565	624	673	1565	793	981	1191	2596	1224	2482	4339	2955	1986	5013	4562
Rv2903c.lepB			67	73	1	130	189	296	40	62	671	282	236	198	304	188	137	96	256		23	1465	173			53	364
Rv2906c.trmD	1	1	5	3		1		1			3	1	2		2	5	2				1				1	1	
Rv2925c.rnc	3		8	2		8	2	2	1	5			7	1	1	1									1		
Rv2927c.Rv2927c	2		14	1		3	1	7	2	3	2	1	7		1	2									1		
Rv2971.Rv2971	1																										
Rv2980.Rv2980	613	4490	2914	7195	10813	12515	26876	16139	10129	16771	12016	18575	13548	10669	9698	11459	7489	9677	9601	21460	13897	20395	17327	24951	16213	22020	22894
Rv2987c.leuD	6	9777	25	5946	507	38	219	335	264	209	449	1237	2978	2004	3775	3380	1819	1339	1689	1396	518	786	1209	491	564	1651	749
Rv2988c.leuC	8	19	52	5	6	9	18	26	12	11	34	40	11	27	8	8	4	7	4	1	6	3	5	5	20	15	13
Rv2992c.gltS	3006	15355	3707	10362	11313	13319	27840	26945	14637	20222	32332	34480	26883	20528	18224	18394	14093	13560	13916	34082	23852	41355	32353	34709	20709	33547	26406
Rv2995c.leuB	3	3	18		1	1	1	6	1	1	1		4	1	1	6	1				2		1		3	2	1
Rv3001c.ilvC	10279	11359	3966	8720	10479	18908	28267	26522	12102	19151	23993	25349	26297	17311	13292	24128	12211	13028	16946	24204	15511	41407	20216	33737	20292	35840	24704
Rv3003c.ilvB1	1227	7566	1060	4567	3858	6216	25669	18226	7122	11547	10389	14486	10499	6744	9555	10191	7852	5995	8456	15636	11272	21171	15921	12862	9424	13663	12052
Rv3006.IppZ	5198	9208	3689	6595	8224	15501	23533	24082	11565	15876	18554	20432	17078	11163	11098	14382	9576	7954	8292	18006	14812	31880	19983	20614	15917	15805	15579
Rv3011c.gatA	646	5543	198	3604	739	1947	12539	16509	6015	8881	14183	19179	10845	11575	10702	9900	6843	7950	10848	16542	11474	15703	14463	25136	9963	16304	14988
Rv3014c.ligA	1	1	13	2		1	1	1	2	2		1	4	2	1	2							1	1	1		
Rv3025c.iscS	133	388	10	155	34	54	2	16	36	49	102	106	5468	6173	6685	5405	6383	8032	6818	266	56	155	280	256	29	71	26
Rv3030.Rv3030	6213	10673	3588	7965	7614	10436	36058	33639	20065	24883	34426	36950	19034	15739	14760	14323	12365	10800	15032	44919	24016	38732	36274	41444	26541	38232	20833
Rv3031.Rv3031	3	1254	73	868	513	832	4598	7485	4752	4993	15074	14063	12283	7385	9870	10745	10890	11112	13417	15188	5919	8547	9902	6774	2276	7069	4802
Rv3038c.Rv3038c	14135	55282	12164	35112	20089	35836	19211	13025	7222	9500	13363	14930	21171	21439	22557	26919	10817	11014	9285	15848	27478	20760	15751	19348	11866	9020	22658
Rv3039c.echA17	1		10	1		3	2	4	1	1	2		5	1	2	1	1	1							2	3	
Rv3043c.ctaD	4	492	1342	726	4037	1861	11438	5727	4289	9246	2496	3250	2840	516	670	1280	65	101	318	938	691	5808	508	269	1154	3065	640
Rv3048c.nrdF2	1	2	3		1	3	1			1	1	2	2	2	1				1		1						1
Rv3053c.nrdH	1	1						2	1		2					2	3					1		1	1		
Rv3208.Rv3208	96	856	13	373	73	367	602	511	277	222	1345	1204	4593	2137	1893	1551	1024	1723	2435	1299	544	917	3214	599	179	1249	1062
Rv3210c.Rv3210c			6	285	31	9	76	193	147	68	862	798	710	1854	794	1050	369	316	374	8	78	260		1048	294	284	196
Rv3211.rhlE	3570	14736	4499	8393	10911	14505	21123	22647	11063	17406	23148	32287	13955	11126	10379	10395	6928	7453	10338	26954	20795	32097	30015	24734	24669	27138	16539
Rv3215.entC	1		7							2			1	1									1	1			
Rv3222c.Rv3222c	135	1999	88	1178	293	827	290	496	469	311	572	225	6788	7669	8927	8821	6511	6278	6856	224	132	385	569	2936	524	1566	1850
Rv3245c.mtrB	1	468	6	517	7	40	1	11	7	3	15	33	2	335		374	4		22	271	5					2	
Rv3255c.manA	1148	6389	294	5375	1246	2090	36300	27742	16857	20730	40152	41665	39813	32971	25340	32243	18410	20128	17244	39521	29569	46204	33059	16825	12635	41540	17640
Rv3257c.pmmA	618	3370	2901	4152	6024	7817	13265	13282	6096	10671	14193	15225	8131	4896	6589	9197	6285	4672	6190	14339	10969	13519	13073	10986	7371	15730	13129
Rv3264c.manB	2	2	15	3	2	2	6	1	4	3			8	10	4	3									2		1
Rv3277.Rv3277	77	2050	1	1152	14	25	48	73	39	134	329	381	1258	1331	1178	1485	890	1079	689	656	539	598	745	160	383	24	51
Rv3279c.birA	55	725	2	321	11	7	8	8	1	2	27	9	25	155	154	153	134	146	132	52	5	39	1	9	18	1	17
Rv3281.Rv3281	2		1			1		1				2	2	1													
Rv3302c.glpD2	43946	3125	25977	15474	54870	33296	158250	42556	33145	74700	6020	5935	6175	4911	5524	4899	1728	1970	2566	7221	7056	7089	6426	10518	4113	7625	6557
Rv3356c.folD	2	3		11			1	1	1	2	2	11	1	2	11				8	2			33				
Rv3372.otsB2	1											1	2	1									1				
Rv3417c.groEL1	39	354	22	179	8	7	7	6	8	6	101	104	13187	13244	11167	13633	9872	9977	9430	39	13	22	231	131	27	169	40
Rv3443c.rplM	28	48	20	109	14	39	2399	3191	2065	2279	2494	2256	1960	1429	1369	811	983	588	928	2308	1354	1265	959	43	106	995	205
Rv3455c.truA	8664	17312	3615	11749	12467	19553	33795	34731	19184	22134	37022	42453	35434	22945	24558	24850	18223	17400	22743	41584	24142	41865	33286	43878	20652	38749	29875
Rv3456c.rplQ	100	416	40	220	98	69	51	60	85	168	39	105	2800	1257	1067	1762	548	414	620	5	6	8		975	113	1238	268
Rv3460c.rpsM	5	12	10	1		3	11	2	1	2	2	5	8	6	2	3		1	1				2		5	2	
Rv3490.otsA	1					2						3	4		1	1	1										
Rv3565.aspB	2401	16612	2179	8491	7573	9575	18343	17420	14185	13823	19227	22593	16998	13951	17717	16946	14591	14086	15036	29983	14540	28123	27646	40360	24798	29231	23083
Rv3580c.cysS1	11467	3494	3542	3261	8330	10694	15319	16871	6227	8715	9256	10530	5129	4237	4012	3070	2202	2112	2916	9302	7791	12487	11170	10353	7563	10980	5850
Rv3582c.ispD	1	56	52	16	2	3	22	162	64	33	215	85	2009	1475	2364	3560	857	629	1226	12	7	16	11	2			
Rv3593.IpqF		892		26	46	30	99	43	16	86	69	254				36	60	38	76		16				5	22	228
Rv3601c.panD	1		4		1			5	2				1			1			1					2			
Rv3602c.panC	20535	139951	16254	65229	27059	50340	27797	23698	13435	18636	21203	31024	43207	37246	51429	37261	26883	23643	22201	37095	48923	61427	40338	67028	53647	27003	68017
Rv3603c.Rv3603c	1398	12618	1217	4793	3030	4339	8440	10298	4236	5601	6422	8868	5098	6345	6243	7092	4577	4250	3477	7763	3799	6500	8925	9380	5456	9576	7658
Rv3604c.Rv3604c	1		7			1	1	5	1		6		1		2	2											
Rv3608c.folP1	28	62	4	22		2		3	1		3		19	27	1	3	4	3	8			1			1	2	
Rv3628.ppa	1		5	1				3				1	1														
Rv3635.Rv3635	10659	57561	14449	36780	20278	38077	16024	13344	6881	8845	16865	16164	22113	16119	20771	18480	10293	11019	8553	25170	26137	32171	15489	30123	10928	11328	26277
Rv3644c.Rv3644c	3	57	11	122	2	11	4182	4772	2881	2180	5669	6466	5759	4609	3173	5354	2679	1996	2821	3825	1407	1098	2325	5	12	1142	42
Rv3646c.P21-topA		158		184	7	22	91	762	115	89	1947	1736	2417	1923	2173	1294	1826	2137	3964	1042	780	553	1349	146	161	416	300
Rv3673c.ccsX	7	8	7	28	43	63	36	14	8	16	9	5	25	23	12	24	17	6	15	20	7	7	14	26	6	14	15
Rv3710.leuA	5649	8687	5054	8599	20781	18179	19371	25910	12175	14236	23393	27602	18036	12446	11948	10611	9085	9825	14314	23829	12661	36549	18969	38353	22674	28243	19362
Rv3719.Rv3719		1899	1170	1267	1136	1568	1557	2697	1801	1478	3497	2846	2783	1565	2298	2187	1509	1213	1393	4524	2500	4121	2162	7280	1715	3253	2266
Rv3722c.Rv3722c	136	4334	9992	11314	20777	50939	20846	13908	9759	18563	7484	10001	29792	15392	14944	15014	14635	12646	16884	2589	3682	1605	362	9376	1445	5512	1831
Rv3754.tyrA	2		5	1		3	2	1		1		1	4		2	3		1			1				1	1	
Rv3790.dprE1	617	6831	1603	3305	3853	4194	12097	7207	6062	8120	7193	7461	6161	8701	7443	8712	6526	7442	8452	7716	4628	11977	9244	12996	6387	15369	12977
Rv3793.embC		6	5	14	3	2	8	296	7	4	4	33	506	150	14	93	12	37	109	2	154	10	1	189	26	56	42
Rv3801c.fadD32	1	1	6				3				1		1			2	3	1			1				3		
Rv3805c.Rv3805c	1	1857	7	914	1	3	35	16	3	2	130	123	767	1589	847	1515	340	212	294	31	103	16	4	101	49	35	159
Rv3810.pirG	4000	4903	928	3466	2687	5476	7076	6263	4455	4781	7800	10270	7845	8732	8668	7863	6283	6863	5339	11105	7128	14840	12222	8194	6151	9591	7741
Rv3859c.gltB	3	12847	11	5376		7	8	554	43	11	452	1024	4076	3597	4103	2928	3151	3815	3144	136	59	61	95	167	85	884	154
Rv3907c.pcnA	4	6	10	2	2	3	5	5	6	11	2	2	4	4	2	2	3	2			1	2	6		5	4	7
Rv3909.Rv3909	96	1117	12	434	3	1	5	3	2	2	8	14	2	3		1	1	7			3					49	1
Rv3913.trxB2	3635	60248	26468	41197	39254	79251	14740	16096	7823	9294	18155	15919	27677	20426	24785	19980	11084	13036	10008	17860	22092	27278	15959	26534	16309	8567	25503
Rv3917c.parB	3306	5662	843	3230	4043	5268	6368	7362	4860	5210	9627	9860	12712	10718	9298	12703	10008	10242	10810	9803	7045	7622	9516	17573	9747	10728	9775
Rv3922c.Rv3922c		31	1	80		1		1			6	58	517	260	38	4	15	22	109	8							115
																											
																											
																											
																											
																											
																											
